7500
51 -60
-66 87
97 -36
77 50
-92 -14
-29 -38
-58 55
-45 -58
-50 -13
21 -85
-84 1
-30 7
-93 -52
40 23
35 -39
18 51
55 -67
7 -84
29 -58
84 -35
-14 28
10 -45
-83 -22
-100 51
56 78
-3 -54
-74 59
40 78
-72 10
57 17
98 -85
-55 -22
-12 4
75 -93
23 -65
-50 85
-2 43
54 -92
-83 -73
10 -94
-56 -6
31 -71
49 51
98 -12
88 -12
-73 -56
26 -48
100 0
-54 12
-18 -90
-77 58
43 -58
20 7
14 -22
92 98
-88 97
-9 48
-52 52
19 36
1 -68
-5 -5
59 -38
41 -100
-41 -59
-33 31
30 54
83 -10
25 -44
23 29
-91 80
-32 -25
-58 -44
76 -9
8 -16
-27 -89
-42 -3
89 -96
36 88
-67 -94
-73 -77
-12 -41
54 96
-13 -76
-89 30
91 22
-2 40
-41 -68
81 6
73 6
-26 -73
33 -63
-65 20
-5 -83
82 55
-82 -70
-61 81
-36 91
-56 13
-36 -9
-24 -73
18 -45
-30 83
0 -14
-62 -9
-8 -13
59 92
-39 10
-42 -43
40 19
83 37
88 -67
-31 -26
2 70
44 66
5 85
-64 13
89 -11
92 -44
-70 -77
9 -94
-100 -25
0 15
21 -64
35 -81
41 27
-32 -9
21 6
91 -82
-61 -59
-47 48
-79 -13
14 -20
-19 92
-22 -85
-11 -41
-68 -61
95 -96
51 -97
36 5
-79 92
-13 92
77 -95
-57 -9
5 97
2 -74
-27 22
60 50
-17 -75
95 100
76 -21
11 -7
4 -99
21 -98
-54 -98
-87 27
70 -7
-5 -36
-14 -32
-7 -22
59 -55
95 -39
47 95
74 89
-31 -86
51 -13
-97 65
85 46
100 -38
-86 59
48 -7
66 20
53 -50
-46 -36
61 15
90 -74
-39 -51
47 14
-55 33
-93 -36
81 12
61 85
27 -95
24 28
-84 -53
-39 27
23 73
45 -50
91 -68
74 76
-60 33
-24 3
-82 -67
15 -53
-32 -16
54 2
8 84
18 27
-74 -100
60 -53
75 -55
-100 11
-49 62
33 77
99 88
-80 -68
-34 -91
3 -95
-8 -89
-83 55
-89 90
94 47
53 75
-82 -58
69 -21
3 40
26 60
-6 54
-13 11
-94 65
69 22
68 -16
-51 -65
-65 32
-72 88
-19 -16
-58 41
23 65
6 -63
12 77
-21 37
49 -21
66 72
74 -38
89 47
-71 14
-91 -63
44 -11
47 -52
58 -96
19 22
80 -66
-17 -15
-49 31
-10 73
-7 -43
9 -9
-33 -15
-97 -75
39 -69
-49 40
-60 -25
-63 -2
-72 -43
83 -81
93 -14
5 -67
75 -43
70 -14
-9 75
52 -64
53 22
79 75
39 35
-56 100
-50 -81
-64 -45
90 61
-37 -61
93 74
94 39
28 -1
74 62
28 -80
35 39
-28 20
-94 -15
95 75
16 46
47 64
48 29
89 -36
49 -26
24 -47
37 34
38 -83
19 7
5 31
99 25
9 -30
-10 72
-28 -15
-19 90
-27 -48
-81 32
-96 28
-18 -62
-30 -68
18 -73
6 -40
63 -3
27 -53
26 -2
85 -5
38 -6
-51 9
26 -73
70 -36
79 -80
39 -64
51 -91
-40 23
-67 -54
-15 -68
-14 -80
23 -44
62 -30
80 -31
-10 -70
-43 -79
79 85
-74 -12
88 10
46 43
-8 -29
-6 85
34 -89
87 60
-75 59
-19 -2
76 -89
77 50
65 91
-87 -31
-87 -70
-64 80
-98 0
-88 34
-95 59
-65 40
-39 -26
23 -19
-38 46
-87 79
-47 -81
-91 -77
-43 -19
-50 25
-92 -70
-60 6
-74 -39
11 -49
35 100
20 -51
40 79
29 93
33 -27
81 71
7 76
7 4
87 -95
-44 70
37 -52
-11 23
-75 18
-60 -91
30 14
-3 26
52 62
38 6
-88 79
83 6
10 81
-33 -98
-36 -52
-100 -9
-33 -52
-49 -91
-74 -67
26 -92
22 -20
-11 -97
24 -39
-91 50
-62 63
-62 39
-100 72
73 -88
4 74
22 28
-13 -49
30 98
-53 83
47 -86
33 -69
-72 -79
-41 11
-56 -23
-61 72
93 53
-44 -6
4 16
-89 76
-96 -30
97 -4
19 25
71 -54
7 84
-27 -79
-80 85
46 -14
80 -73
-36 -14
59 55
49 51
-88 46
-70 -55
71 -1
-19 -81
35 -81
-75 -23
-45 -18
34 -39
-87 11
26 72
50 -79
91 57
56 63
45 -29
-31 6
-15 -100
88 64
-35 94
-85 3
70 -29
-1 -12
22 -87
-98 -58
36 1
56 74
-82 -46
61 -31
63 58
39 -33
19 -73
7 0
83 -74
75 -14
-68 -100
46 -53
24 46
54 -62
-77 39
-91 0
31 92
17 85
18 77
30 -17
77 9
-69 -57
-94 -100
69 66
-95 22
92 -4
-10 98
-23 -76
-84 -43
13 -2
68 26
46 -88
86 -95
-64 18
57 66
-95 -59
-75 -67
87 -69
-17 50
-81 -44
-82 58
-72 -11
77 41
65 -21
-66 -23
10 25
90 56
97 99
-4 80
-7 -70
71 -60
-66 -73
-17 -20
-11 -76
-88 -24
-40 -23
47 45
-88 96
-53 66
-23 7
81 53
59 -86
61 78
-29 -61
87 -86
-65 1
-11 83
22 -38
-10 -8
-12 -45
-34 -56
-11 38
38 -98
-60 90
86 -11
-35 49
38 25
95 80
93 17
71 79
-36 68
-31 -50
89 -68
60 80
-99 -99
10 -65
86 -16
25 19
-81 54
92 -11
-72 62
-83 -91
6 66
-75 -74
93 55
30 83
-77 -69
50 -22
-44 20
-41 11
68 -13
-5 -73
48 -6
87 70
51 14
-54 52
-51 -93
-72 57
29 -39
-29 67
47 -82
-10 -90
-5 88
-8 -82
81 97
76 -48
1 -87
-32 -12
35 65
-3 -27
41 23
-51 91
51 -87
-81 -82
-12 29
-9 -30
-73 -47
-4 80
-12 -52
-44 58
63 -62
85 38
48 -56
-16 98
-98 37
14 -99
77 25
42 -20
2 -20
-74 6
-100 -36
78 31
7 -23
72 97
63 -54
-85 91
-53 -28
-43 -25
-91 9
-95 51
-63 39
66 2
-63 16
38 -91
88 -70
-18 75
66 24
-95 -59
56 8
73 -19
26 10
71 -92
41 -71
6 -19
-13 8
98 35
-73 71
7 15
-15 46
-50 1
22 61
-71 -22
-8 57
-72 96
45 -78
74 -73
92 69
-62 55
-39 -60
83 -46
-79 -50
65 -2
35 -9
96 42
39 -79
-58 92
19 -88
-69 48
25 -81
68 43
-69 -52
96 -98
-17 58
22 -57
65 77
-45 33
-2 -5
53 59
-71 79
-9 -15
81 -56
-40 -89
-29 -6
-92 5
-1 -58
87 -89
-96 21
-27 21
-51 33
95 90
-44 -37
80 62
-35 6
-68 98
56 -38
-50 -80
-21 49
-38 -83
73 8
-12 92
5 -83
-68 -77
-84 64
81 59
1 8
43 33
76 -77
21 24
-13 -92
80 26
-31 -17
-93 64
-50 69
74 -4
-49 -66
-94 -96
-18 -98
-74 -56
-98 68
83 -9
-53 -77
5 -82
78 -40
-43 -13
-89 -37
49 36
8 83
-50 84
13 15
-49 46
79 -43
-5 67
-27 34
-14 -70
62 -96
22 -36
6 92
-20 -89
74 72
5 16
-52 -4
-48 -51
-78 -36
-31 -87
-28 -17
52 6
0 -82
4 82
98 36
21 -16
-45 -100
-45 -10
55 98
35 3
10 26
-87 93
-17 -19
-66 90
-41 18
9 20
-74 31
-17 -48
-52 -44
68 -86
89 -56
32 -97
-39 -57
90 -19
4 -70
-24 -10
-32 -83
-27 -13
18 -39
-93 -74
-26 11
72 88
-74 9
79 40
80 -67
0 -46
-72 93
91 31
66 98
-40 37
30 32
46 -64
88 18
60 5
52 -2
90 -32
19 -30
20 63
-36 79
39 -36
-37 -61
17 76
-68 49
96 -39
-32 -96
-43 -21
37 20
-53 -90
90 18
-47 69
-70 81
3 16
78 24
-87 -10
-55 -5
-71 80
-2 93
77 -89
63 87
80 -3
-26 57
-27 -29
51 -15
-46 29
74 -87
-21 88
83 -19
-83 -4
58 63
-29 6
-63 13
-90 66
19 62
54 -29
12 27
50 47
41 8
-100 -55
43 -70
10 71
-5 53
74 55
76 -25
-78 63
-80 41
57 21
24 -60
-77 56
87 -55
-52 38
-37 -85
63 -10
81 3
95 16
17 31
42 95
44 37
-41 56
-41 55
19 15
48 -43
65 -68
-62 -11
-16 87
76 -26
52 91
40 60
-50 93
-21 25
-39 48
6 -20
99 64
-89 -77
99 -3
-17 -91
85 95
2 78
77 46
88 -69
5 15
-92 85
48 57
93 -55
-32 52
-41 -82
-31 98
-22 79
19 -35
-56 -45
-19 46
9 -37
-40 -28
-1 -36
-15 -94
96 54
-91 34
59 -26
52 87
-23 -98
82 33
-12 -85
-37 -55
-53 19
48 78
92 96
29 23
16 66
25 98
36 -27
96 2
92 81
-19 76
-91 49
-75 -92
-61 -81
7 -30
12 79
-44 -31
-34 -69
-67 -52
-68 -95
63 -83
53 -34
-83 8
-48 13
-32 98
75 80
73 87
-82 61
-36 34
37 -63
-70 26
55 -1
91 -7
22 -59
82 -48
-59 63
-1 -28
59 93
81 19
2 7
22 53
65 -28
-57 7
-44 -29
51 35
49 20
-77 56
85 -50
-11 61
0 4
66 82
-61 -59
33 40
34 89
-21 46
-91 52
-50 88
29 55
28 -60
-9 79
61 -77
-18 -11
45 3
-82 -46
31 -20
-64 1
-38 57
62 85
11 98
86 -3
7 43
86 -64
73 39
98 -15
-87 -31
-53 51
-14 -78
70 -27
-28 -51
5 -90
48 -65
45 78
-26 7
100 60
16 61
79 -87
58 89
62 -33
-34 -33
57 -87
4 -8
86 -95
-26 78
50 79
82 49
9 58
-68 -57
38 13
7 14
94 2
56 33
44 -64
-18 -87
-47 -26
76 97
47 -64
-55 -28
-88 25
4 -94
-39 42
30 56
12 32
-49 30
-12 5
-18 46
-55 61
-88 -39
38 17
76 5
-99 -16
-100 -44
21 -70
11 98
-50 -87
-66 45
-18 -46
-53 57
-27 78
-2 -45
-30 33
87 -93
93 -78
-76 68
-22 -56
-92 -39
93 -44
11 -84
44 87
40 29
-59 -55
14 41
-83 -81
-67 25
74 -99
42 -100
52 -58
48 40
66 -47
5 18
-52 12
-28 -15
-63 95
93 -35
-89 29
-84 -65
-89 -6
12 46
15 69
-1 92
77 96
89 -60
-72 69
-69 41
7 -42
0 -74
16 -79
4 63
-34 37
71 -72
79 -34
24 63
-69 -2
-68 -62
62 95
59 72
-78 -21
-29 -65
-88 0
17 82
79 -38
-57 81
0 -79
62 71
-79 54
72 69
-46 11
41 92
79 25
-66 77
-25 -75
16 89
-100 -39
24 86
94 -53
-81 -69
-63 7
-25 -84
-68 34
-11 -13
-67 -94
32 38
-61 -96
55 49
45 -65
71 -89
50 89
58 -51
-6 39
53 51
-70 -75
-96 24
29 -85
-55 -39
-20 -11
79 -2
21 43
-6 -37
-100 -21
-74 -62
24 9
76 19
-85 98
57 -46
57 96
-58 -46
-52 89
60 -97
43 100
46 -42
-52 94
-31 -76
21 -35
-57 -84
1 19
96 78
74 -38
78 99
54 -72
27 41
-75 96
85 -67
47 -5
-50 95
-24 -12
-13 -91
-6 38
10 98
-27 22
-57 -38
69 98
-92 43
94 -70
-32 61
-13 68
87 62
-4 14
-21 54
-50 88
-23 -77
-76 5
97 77
43 26
-83 78
72 -1
35 -97
61 -9
40 -98
-38 97
81 -72
53 91
-39 86
95 47
3 85
66 -89
-63 58
-19 -98
36 -100
-35 14
-16 -34
-14 -60
94 -70
83 -73
36 81
65 34
81 -44
-55 14
-81 84
62 52
92 -27
96 -23
80 72
37 -31
31 -5
62 68
-3 -88
12 -71
-4 53
-82 -58
-2 78
-38 82
-30 -11
-90 3
84 -100
-28 40
98 -29
5 -51
-72 81
-63 -59
10 78
-24 -82
66 -96
-20 77
-69 -67
28 -92
-40 81
45 -6
-70 -60
-43 -67
-47 37
39 48
-43 -74
-71 -37
-27 29
-58 -1
21 -64
-19 -74
-93 32
16 85
-81 86
8 -75
36 -45
12 -83
-15 21
-98 3
52 20
45 -54
-16 82
82 31
23 72
-62 -48
27 2
-6 -35
70 50
14 81
-91 44
97 -17
-23 -65
-6 57
-67 -86
-25 57
60 42
-13 5
-89 -85
-98 25
17 -80
22 -16
43 43
-50 10
-89 76
77 67
-91 38
4 84
39 81
-36 -80
-82 40
-13 -32
10 -21
-32 42
-67 -40
-20 -100
3 -83
-36 -31
37 84
-25 29
-48 26
54 41
63 -94
97 31
-98 53
-80 52
-68 -50
3 -96
-33 100
-71 -30
-37 39
-26 -46
35 65
50 -66
-3 98
-52 -58
36 63
85 -38
79 -25
68 78
0 68
-20 32
-58 25
98 -75
-84 -80
46 -28
61 -3
-33 53
-80 -83
-56 -64
97 -86
-21 -70
64 -74
-99 -47
-10 74
-52 -61
47 -20
-64 88
47 -92
25 16
75 75
-100 94
95 -93
96 14
36 -45
47 42
-57 36
84 -81
-66 -12
-42 61
-24 6
-6 10
-15 -55
-25 67
-41 38
27 25
28 -54
-40 29
26 -30
-54 -40
8 26
41 96
86 39
40 74
-55 1
75 -73
69 -73
67 -19
38 97
-69 97
48 -86
55 -18
-6 -78
-85 47
-64 -86
-20 -2
-73 -33
-33 -78
-33 -37
83 -31
63 35
48 -45
-37 -84
45 89
11 17
85 33
-14 -32
28 98
-67 71
88 -88
82 16
-69 49
-91 -59
24 -5
-90 12
-60 40
-1 -84
40 -10
-12 70
-86 48
-84 -98
86 48
-65 -27
89 70
65 55
89 -55
31 -35
-84 60
-63 -73
56 0
-9 -29
88 -82
-5 -15
36 -68
-96 -14
-6 -92
-92 -65
-4 -34
9 -39
-73 -56
-74 84
60 -27
39 -36
91 49
-61 -14
40 51
92 81
-82 57
-97 80
-58 3
-63 -50
73 -49
54 26
-77 -96
-74 61
24 -75
-21 -89
6 65
33 -42
-97 61
-71 29
-71 64
-8 -89
-97 -16
53 73
9 -69
49 -94
-60 14
-25 -72
-1 -12
-37 85
-37 28
27 98
-32 -98
-89 -58
56 -43
49 -24
-8 -8
85 89
-52 -78
31 45
-1 88
-46 -2
22 80
56 -76
-68 -14
94 -48
-83 77
91 -8
77 62
-83 -61
-96 59
-3 -7
68 -65
97 39
15 50
-12 75
-5 -14
44 63
34 29
42 45
-69 29
-66 11
-48 -29
89 10
-45 -13
-41 -80
95 -76
80 -13
85 -54
-72 -91
51 13
-68 2
5 29
-93 19
68 -18
-17 16
-11 15
-50 35
-34 86
26 55
13 -40
0 35
25 -3
41 40
-94 -12
-91 -40
-87 -24
77 99
-13 90
27 -12
94 93
44 21
-3 -24
-12 -8
64 -30
94 -71
-66 -99
45 84
-36 9
-52 -72
26 -3
-47 70
-67 -87
-72 -23
68 -62
-61 -55
-19 26
-63 -19
-36 24
-88 67
24 -46
76 97
-55 -79
-23 5
31 -16
-80 89
-36 -58
-30 57
35 10
-67 21
50 86
96 71
-62 8
6 -1
97 34
-97 -84
-58 -62
-2 -16
46 -57
-62 -89
-30 12
-64 35
-7 -84
21 78
28 -60
13 -22
-41 65
-77 -13
77 -7
32 -9
29 -79
68 12
-16 -7
36 -70
50 -20
88 -38
-88 0
89 -59
-93 23
100 -39
47 -79
-89 -35
-93 -78
-70 -32
-27 -78
-27 -22
27 66
54 -77
57 41
-87 56
-6 -85
-25 -67
91 -24
-54 -41
-56 -24
-26 -82
-81 28
-44 -6
-29 93
75 -42
-47 -56
-26 -83
48 42
-50 99
-5 -71
-2 -51
34 -75
-87 94
93 -81
-45 85
-25 -20
73 -59
-68 37
26 -22
-59 19
58 -71
-40 15
69 40
95 11
93 -16
-72 67
62 89
31 34
-4 -7
64 71
6 -97
-47 85
-88 31
-80 97
-82 -81
11 77
43 80
-46 -23
-52 -72
-19 -20
68 83
35 -6
20 -32
-32 69
34 11
-81 49
44 9
54 -80
-89 56
36 74
21 -63
96 -49
-67 -93
3 43
-35 4
20 -13
40 48
-19 5
-92 -24
-29 -13
70 -94
-43 -16
55 12
59 36
28 -98
9 77
-70 33
-65 -2
42 79
58 -85
49 -66
-82 -58
-52 -56
-96 54
-57 75
39 40
28 -81
-34 -51
-22 -82
-92 52
-80 -69
0 84
-54 42
8 -27
59 90
92 -96
-17 -9
-13 16
17 -70
-89 26
-78 41
80 49
-60 -65
36 57
8 -10
-35 3
10 5
-80 -99
-3 37
63 -25
-95 22
-60 87
9 33
51 27
57 -4
-80 -35
-69 -40
-88 -39
-8 78
87 16
3 11
-81 -54
7 42
39 -58
58 -81
10 -40
73 -95
-64 51
15 0
90 -64
-9 -28
47 -68
39 83
5 23
-81 14
80 -8
83 -99
9 -38
-33 -42
73 64
-65 -80
-85 69
-41 -78
-99 94
51 -21
-10 77
15 43
24 -94
-96 67
-23 -60
-21 -71
54 -2
71 57
-77 -72
70 -85
44 83
95 -21
30 -86
96 39
-65 -32
-93 84
5 30
68 -88
73 40
-49 -82
-12 41
43 -79
12 -10
70 36
-83 -42
29 -28
21 18
97 68
-4 76
70 71
-62 -63
54 16
-86 15
35 -91
-7 3
-87 60
58 -32
-28 -29
21 11
80 -16
80 -54
-88 -38
-100 60
-98 82
94 45
56 29
-43 62
-78 84
-79 -8
-59 60
-87 -2
-13 -71
79 -88
100 -65
-93 -41
-91 41
91 15
-85 -65
-68 11
-60 59
-70 93
22 5
34 41
-93 -42
-51 63
-72 -21
65 44
-80 -66
99 38
6 69
5 92
-83 35
-47 75
85 57
-22 16
5 -49
17 98
-96 -59
92 -92
-36 -90
-14 -58
13 8
-69 -97
28 -45
-95 -85
1 78
44 -25
76 -15
-74 95
34 -76
-48 -7
69 67
86 29
-82 86
80 -34
-55 77
-59 -84
-63 20
93 61
-65 -98
99 -68
21 -62
-98 30
-85 94
-26 84
55 -93
93 -45
-42 -99
-85 96
-72 -39
59 44
-82 -6
20 -28
8 -12
16 -97
-4 16
24 -12
73 6
35 -47
19 93
68 24
-52 -65
-8 -92
-18 -61
32 32
-11 77
-45 -58
-35 93
-55 96
-55 -68
83 90
-99 -53
37 18
-14 63
80 -82
4 93
-65 -97
-65 54
17 -98
31 1
-37 -79
0 -86
-80 -33
0 20
-94 30
-36 64
17 38
-47 -39
-71 33
-47 61
-53 19
4 94
8 -30
-94 13
96 2
-75 -77
89 76
21 88
-4 -56
-68 86
38 15
-9 -2
-53 -72
37 -100
81 91
-45 17
84 72
-12 56
71 2
-85 -12
-94 -61
-7 -25
-12 -17
67 86
65 -10
93 -38
-91 -79
33 39
-32 -8
-60 -50
-79 -28
82 96
80 8
70 -52
62 -18
-99 36
68 27
-39 -65
33 -96
-9 17
1 -8
68 22
69 -68
8 -37
43 67
97 86
7 42
-67 -80
84 57
81 -76
12 -30
-86 42
5 -94
57 51
44 13
96 18
87 -86
34 -96
73 26
-2 -65
23 -27
22 -85
64 24
-70 -44
-74 -82
55 94
47 -88
51 55
-45 86
99 -49
-34 77
-69 88
-51 -78
38 -28
-67 52
22 58
-70 -1
-84 -82
44 -82
-82 -4
-2 83
-31 73
-98 10
49 23
-47 69
71 88
-32 -27
98 -86
4 -63
-29 41
49 -3
94 63
-69 -28
-50 12
76 -68
-22 -35
-80 72
-41 76
87 -98
46 -68
-19 63
1 -73
41 27
-75 25
-65 67
-97 -70
-91 57
74 97
-17 -52
55 91
-87 42
50 -55
-31 53
-78 -47
-12 -46
-50 55
5 -18
63 -47
1 -7
81 -3
57 99
-62 95
-43 69
54 -49
80 -63
44 83
-82 -69
31 18
-21 -53
-87 81
87 -35
-48 -92
-68 -14
-98 -54
45 62
100 -99
-90 9
-77 -76
-71 -85
58 -39
18 -75
-30 -33
-46 71
-2 48
-30 10
-25 -56
8 20
-37 -88
22 73
8 50
10 97
16 -16
11 24
-11 86
15 95
-89 -54
-72 64
-24 -8
12 25
83 -40
-69 82
43 61
-30 -77
-52 6
-28 94
40 90
74 12
2 -88
-70 -3
55 -95
-44 -73
81 -32
-38 91
-38 -11
-49 -3
-46 25
-53 -49
-63 59
-46 -56
-45 67
53 -22
97 47
68 -42
24 -61
-8 -12
73 -59
66 66
-99 -37
51 67
-23 -15
31 97
-10 68
-74 -61
-1 27
-54 23
-94 67
-29 88
-76 -46
-1 -77
-37 46
75 -80
59 62
-51 4
-22 32
33 -100
-70 91
38 88
-69 32
72 -47
8 33
54 -20
0 -24
88 61
16 -44
-89 -52
57 87
-63 -56
68 -68
-88 77
-3 -52
87 6
41 14
-93 -75
76 -77
88 -72
47 -24
-3 -28
46 25
82 -69
-8 -91
22 47
-37 -84
29 -16
-91 -39
-48 -92
-12 36
-90 73
-11 96
-49 4
97 -7
-18 74
52 39
-5 -26
73 74
88 97
79 27
-37 51
-66 76
-60 -49
-11 -28
49 41
41 40
5 97
25 52
68 -12
-18 35
33 14
1 61
98 -35
15 65
-58 88
-29 -71
-38 -23
-27 -15
-87 -51
-85 69
-82 10
85 40
-27 -45
-55 8
81 -88
99 -26
-97 -53
99 24
60 65
-50 -99
43 75
78 -85
14 -84
29 60
9 -2
-93 -22
-10 -48
33 87
-4 -15
28 -33
12 -28
-42 62
26 -42
-29 13
100 50
0 75
95 74
99 -14
34 -11
3 -41
-76 17
-47 -16
92 -86
84 13
86 -21
-5 -15
-92 39
96 -69
-16 26
37 -32
50 -86
-20 -72
12 81
52 -82
-81 -43
-86 80
-62 4
8 32
-56 -100
5 24
7 35
5 99
-13 68
-55 2
-93 -49
76 -71
-10 -35
12 100
61 43
93 99
24 45
-39 8
47 -31
-34 26
47 71
96 81
69 -14
-18 46
74 26
-87 94
-19 -51
-89 -88
51 -27
-34 -80
-74 15
-29 -91
34 -85
73 -8
-94 25
97 25
-22 -48
-7 -81
95 -50
-3 98
-42 61
-3 -10
3 -33
-65 76
-41 -17
-51 -76
37 -20
16 56
98 92
10 -73
5 -38
51 -37
82 -7
-86 -67
77 -1
-87 68
-98 -86
8 25
94 16
3 -79
-15 59
9 -43
-30 -49
85 0
46 66
59 98
95 20
-18 59
21 -23
45 -24
5 -3
-70 17
23 64
-65 -65
-38 -49
7 87
-88 95
-25 31
-97 58
13 73
-42 86
41 67
66 -39
-87 20
-64 65
10 89
11 24
-33 -41
-56 -13
20 -31
-10 -21
-2 19
50 -12
-96 39
77 4
-61 28
18 87
-2 -46
-30 -68
20 9
12 68
-53 70
-44 -18
17 -21
58 76
31 -33
-80 4
52 99
20 -93
-65 -3
22 -82
-15 -49
45 50
-22 -37
14 -8
-79 19
-14 32
9 33
5 63
46 27
-94 -45
45 -2
-54 -80
53 88
31 -98
-54 28
21 75
-11 -16
18 58
55 -67
-16 86
33 -67
-83 29
-30 15
56 71
-12 -46
21 -98
31 -28
-18 -40
63 -48
63 31
80 -99
-88 66
26 -82
-45 -61
-18 -97
-69 -75
-21 -17
23 -74
-100 -87
-91 39
1 13
-49 -2
-71 -43
-21 96
-63 -9
92 70
90 -86
-1 47
-26 51
6 12
-50 75
-38 -10
-14 -86
44 -41
-9 -63
-8 -81
-54 25
-6 -39
-84 -33
-16 -42
-8 1
4 85
-18 -70
66 59
40 -23
82 -38
20 59
-93 -63
-96 -92
-67 15
-86 -18
11 12
-28 91
90 59
-88 -100
51 -37
-66 46
-40 17
2 -77
74 45
-39 -79
41 -85
-13 -16
0 78
36 -4
84 -77
48 57
16 -59
64 39
37 -56
-52 14
-77 67
71 12
-97 8
23 69
58 -90
66 -34
19 65
-46 84
71 -12
-19 -28
-95 -100
-19 -65
-34 70
-45 -75
-74 -65
-49 -88
-100 -67
13 -29
93 -13
98 -49
-8 51
78 -4
-98 -87
26 -61
-53 -15
79 95
-96 -18
34 -32
-32 11
37 8
82 -47
-27 35
53 -98
28 64
-57 48
-90 -27
97 0
44 -89
11 48
-32 94
15 -92
9 -92
57 13
42 20
-39 -47
24 -57
-67 -54
93 70
81 -20
-61 74
-12 93
75 39
10 -72
-40 -74
-85 67
-65 3
-58 -91
-80 77
26 17
57 22
-49 -52
-49 -61
-36 73
-41 -98
84 -39
-23 67
-95 68
99 -79
3 -55
59 -65
-44 -65
22 -82
-60 57
-94 29
84 -78
-69 -99
-10 -100
-3 -90
-35 -9
-55 -85
-90 -58
61 -41
-12 0
76 -98
91 49
67 10
16 -46
-27 -3
10 14
-37 -39
-10 -17
90 -80
95 -57
-18 98
18 -97
-23 47
18 25
23 48
-100 -88
-66 -66
-34 -31
-69 -78
-99 -12
-24 35
-68 44
-5 -86
-41 52
95 33
8 90
-45 84
29 29
-42 -65
8 1
-34 -48
50 -79
45 96
-82 26
4 -40
-82 -5
41 -14
-85 -54
-28 70
85 -24
-12 -79
95 -75
50 -19
-50 30
78 99
-67 88
-14 -87
-56 -81
-67 -24
27 28
99 -80
-80 96
-95 45
73 92
31 -48
56 76
87 -3
86 66
60 87
45 -38
42 81
-61 19
-28 -17
-56 54
-66 16
-61 -1
-18 -18
-89 -6
47 86
70 -96
8 70
-27 -28
-78 -69
-18 10
-91 1
95 -85
-67 21
67 79
-45 94
23 10
75 -78
44 91
-64 -12
-10 7
-15 -97
-40 78
19 -79
19 48
38 -16
5 -6
66 57
-90 16
32 -95
28 88
-56 70
10 13
-13 71
41 6
-87 -61
-44 33
-61 -91
-84 71
63 -7
8 -94
-62 -32
84 76
45 57
5 -73
-70 72
27 30
56 25
-72 62
61 -87
-61 -31
74 10
88 -94
8 35
26 -62
53 -32
21 68
53 14
-60 90
-73 44
-74 40
68 32
-24 75
59 54
3 53
-40 88
35 -66
-44 -73
-70 -78
24 46
88 13
-15 -56
-44 -97
-58 -25
-18 -36
-50 -74
90 95
-7 30
-73 61
2 -35
-96 -41
97 63
-85 64
-26 67
24 -9
8 77
-50 75
-90 -42
97 -74
-92 -63
42 96
6 8
92 -38
43 33
-34 -84
60 13
84 -1
-46 95
89 89
16 73
95 89
-98 36
-39 -65
40 74
59 14
-87 -20
-33 -63
3 34
-75 -64
55 -70
61 57
-95 18
-90 97
92 8
63 78
-27 -58
-23 -45
-85 77
53 84
70 -29
-82 13
-13 98
-23 -50
1 68
-52 -86
7 53
93 -33
-10 -45
82 20
14 77
-13 -11
4 15
32 86
45 78
-47 86
-6 20
-34 57
-80 0
-4 4
-86 -57
10 44
44 -93
80 -26
66 16
62 -27
64 -38
5 -61
55 10
16 -3
74 96
47 98
69 47
-75 -15
83 39
-39 -53
27 -70
85 76
82 -44
95 -5
-54 45
-45 18
-81 -1
-61 -19
76 25
-16 -47
75 11
32 80
-72 -74
-88 49
-17 7
86 -47
75 -16
75 -2
92 -35
40 19
-29 83
-46 65
3 90
97 -73
67 40
-65 59
-15 -4
-10 -56
7 -100
19 -72
-9 -60
-59 -3
-25 -42
-42 37
40 19
75 14
-56 -77
64 -52
69 -45
71 -41
-31 12
38 -38
-66 88
-22 91
59 -64
1 -1
54 -23
84 -89
-40 -65
-37 -54
13 -76
-2 -70
-54 -34
-37 -48
20 89
66 -32
-49 74
72 -97
34 -68
-98 13
-85 -77
49 25
-32 11
-96 -26
-72 54
-4 -35
62 94
-33 -10
74 -25
85 -6
-56 88
4 67
86 45
-51 -26
-62 24
16 0
-70 90
69 -3
-24 3
79 62
-38 -45
-87 14
-22 -69
-30 -45
-62 62
-12 10
16 -27
-54 -37
-71 36
-83 77
27 -81
-84 -69
89 92
22 23
77 59
40 52
91 -14
14 -85
-50 -60
-16 99
-96 98
0 -76
-31 92
37 98
-21 13
41 -88
-52 82
-65 40
73 -82
51 12
70 -39
-4 -62
40 75
-57 55
-14 4
74 -4
84 -20
-26 -88
62 -97
-97 -99
-57 -15
35 -12
90 -63
-7 -76
13 -69
-10 -11
-71 -55
-78 68
-72 -15
-58 40
40 40
-37 -37
67 -18
-44 15
14 53
84 44
-78 -28
87 64
-8 38
98 -80
50 -93
53 -90
53 -41
-98 -69
-38 78
36 -5
0 19
-42 -31
-93 -91
-41 7
30 75
-44 -15
57 -56
65 65
-18 18
55 -29
30 -7
52 62
-76 -14
-35 -16
-39 19
-88 35
57 28
29 -57
-35 70
-13 -70
-26 93
-97 13
27 92
-28 -21
3 -59
-66 -18
51 64
53 -93
-58 55
-37 25
-70 -20
-67 56
29 46
-75 -24
12 84
-84 11
-89 6
49 50
6 -79
62 27
56 0
35 76
47 -54
62 6
63 -8
-66 0
-61 23
11 -43
14 -100
-8 -14
-67 86
39 84
-67 -48
16 -4
-10 98
38 49
-88 67
72 91
51 -28
-52 -1
63 -30
-7 -50
4 97
63 -60
5 7
-42 -2
-53 -63
-52 39
-35 81
-82 14
-67 -89
8 73
-68 58
23 69
56 6
26 85
-95 -13
-55 -4
-91 9
74 33
30 -14
31 56
-34 -57
-90 4
-38 -79
19 55
13 19
93 10
-57 -54
-85 -21
96 -8
-85 -78
-26 35
13 24
-64 -63
61 -86
-27 -99
-98 -53
91 71
-19 -90
-14 96
66 -26
-100 46
47 -97
71 -71
-35 -90
-83 -75
47 11
16 77
-45 68
-45 65
-30 64
33 -65
-66 -48
66 64
-35 -58
-57 24
-22 -32
70 -33
85 -44
-52 54
-46 80
88 11
-67 -71
-4 29
26 89
-36 -9
9 -87
29 36
-92 7
-82 73
-64 35
-64 9
-71 -25
-44 -8
-26 26
47 47
76 -66
100 82
73 -66
83 -2
7 -45
-69 67
-50 37
90 -97
47 -91
-93 87
-31 -100
-79 44
-66 -14
-75 -46
96 11
-100 -2
-14 -28
47 -6
74 -47
-26 -53
-19 22
51 -87
74 72
-49 -7
-80 -52
-63 -24
52 68
-88 3
92 -86
29 -26
-13 -47
58 -15
-50 87
27 31
-88 96
26 86
84 96
0 -39
-53 -15
97 52
-74 76
-41 7
90 -30
-3 -43
60 76
-70 93
92 -21
85 -97
88 -71
64 -34
-59 6
59 28
-45 -98
-16 36
6 -79
-13 -68
17 47
9 -98
-76 -26
86 64
-17 -70
26 20
60 33
91 50
-14 -5
-73 86
-28 56
-19 -15
-97 64
-93 64
-77 20
62 -27
12 35
-53 30
-66 -43
18 76
99 -37
-45 61
62 11
73 -68
42 3
-45 7
94 -16
95 -65
83 85
-60 13
-31 16
-99 90
-44 -78
-8 51
-54 89
77 -74
-7 -33
79 81
-34 -43
-86 -22
-93 -18
-20 -10
11 -93
27 62
36 -3
99 64
-77 -97
-81 59
58 26
-35 -67
85 59
-85 -45
54 68
-51 -62
47 -50
-6 37
-14 93
-27 17
5 -55
-1 59
-28 -27
-18 -85
2 62
6 37
-87 -12
20 18
52 -74
46 -85
30 -42
95 98
24 -89
20 13
38 -59
85 -52
23 -92
0 -61
-91 -91
-6 -21
96 34
49 -39
39 88
-20 46
-61 45
30 -67
61 -65
-18 16
-16 43
59 19
-65 -95
-99 -76
54 27
-3 35
2 -62
10 -92
43 11
15 55
58 -24
-16 0
-63 91
-81 89
-37 -67
21 -50
64 100
-29 61
-70 -80
40 91
-9 -13
33 9
26 -30
9 -3
-88 37
43 -25
-68 -41
-90 -78
-98 36
50 -9
-23 -24
99 16
-92 59
28 80
89 -24
-82 98
19 51
38 -52
6 -79
-86 -74
-75 78
54 -11
-47 -97
22 -33
97 71
34 46
42 -90
-11 8
86 -65
-52 -32
32 8
-18 22
50 -86
-44 30
-91 39
-86 -39
-84 -47
99 -42
-15 -86
-88 21
-33 -76
24 -40
-62 77
10 51
27 -33
-79 -1
-26 -22
-57 -58
25 57
97 46
89 -19
-46 11
92 92
43 19
6 -57
17 -48
7 -36
37 -33
-65 47
0 18
-20 42
69 7
6 -39
10 79
-88 45
36 67
-79 34
-69 -75
97 66
50 -5
-49 68
80 -12
-99 69
-93 11
-6 58
-39 -62
12 -67
-58 -78
-42 -3
27 -73
17 58
32 34
22 -84
92 -42
-98 -59
-87 -69
-68 -55
-62 45
32 38
19 -81
-89 -62
22 68
-98 -71
-47 1
53 -22
95 81
56 14
73 -86
84 -82
-36 34
47 -93
67 -95
-66 75
-12 -2
68 -80
-97 67
77 53
-4 44
66 -15
24 -80
-74 25
18 66
-77 47
20 -11
66 -75
88 -62
32 36
76 84
-99 25
20 66
0 71
-39 -84
31 -78
70 -47
-83 -74
40 -38
-5 66
86 -95
-54 -88
64 15
8 10
89 -22
-75 -43
-41 64
-10 -96
7 -22
-54 -85
-95 -56
-96 -59
-67 68
50 -15
33 40
-76 10
50 8
13 25
-61 65
-52 25
-69 -98
-13 -65
38 -98
45 -87
100 3
98 -83
98 -55
-49 86
-29 -11
-55 -86
-47 49
-36 -8
-68 -39
-32 73
-56 -11
63 -88
-26 -32
65 57
-12 35
-19 12
36 45
-72 59
-100 50
-93 45
2 -94
-73 -31
70 -52
-100 30
16 30
-67 -76
-12 71
-78 -100
-40 7
-48 56
-78 98
-96 -4
-12 -66
24 -9
85 -1
-90 78
61 -23
34 15
-60 94
-32 -53
-43 -97
-48 -42
69 -76
-51 13
-94 14
-64 -57
36 57
-90 57
78 10
88 90
-36 -24
-69 75
-65 -84
52 -18
47 -57
-6 -1
-29 -93
59 -66
-72 69
-79 -22
6 -53
-79 98
-23 62
100 32
-85 2
-34 99
94 -93
39 66
32 16
42 -86
-27 -10
-28 -82
-95 88
-40 -89
16 -70
-29 -82
3 -66
80 45
98 57
-26 32
-11 -49
32 89
-94 57
74 77
49 -64
-98 85
92 -92
-44 -66
-68 -69
6 18
96 -30
-40 -55
-85 3
-7 -58
-11 -55
0 -22
18 67
-70 -49
22 10
15 55
-45 20
-46 92
-70 13
68 40
6 -66
44 55
92 -89
33 93
-25 17
-4 -47
-34 14
14 97
-86 44
46 -36
-5 8
-3 1
54 -62
66 -48
82 53
30 13
18 -92
98 -69
-9 -52
-100 98
81 35
69 63
14 31
86 -50
-54 12
-85 -85
-37 82
-56 -28
-59 -82
81 -46
-48 -80
-33 -4
41 10
-79 43
-65 53
45 78
4 59
73 1
-3 -50
-50 -9
96 -22
-98 72
-34 18
-55 34
83 35
94 61
63 49
42 -75
-29 6
-30 -73
-81 -11
-34 -34
62 35
-1 5
39 -31
78 50
68 -61
-91 48
-48 65
55 60
-41 25
66 4
-65 33
-23 95
32 73
52 80
-15 -49
-35 62
-59 11
97 88
93 50
92 82
10 -26
86 -50
-77 -7
88 68
86 92
-68 -40
82 -18
-90 -98
-13 -6
-19 21
-66 81
-29 17
25 -8
-5 -77
-93 38
-99 -64
62 21
41 -45
14 5
-70 36
98 -90
-99 4
-43 -74
-11 -83
21 84
-29 20
57 -19
61 -17
-97 79
-76 -3
-19 41
-65 -91
-67 -46
51 80
94 -34
38 10
-30 -21
44 31
-3 57
98 85
-19 -88
60 84
72 -12
-15 -75
15 -39
-26 89
16 -54
-33 93
30 -52
-79 99
81 -74
-96 38
-85 -1
-25 61
-40 -86
85 17
0 -58
67 -48
-38 -57
92 -86
17 8
4 -92
-62 -3
-33 69
99 -52
-26 -22
41 33
-9 -67
28 59
83 -4
-48 -4
37 -90
72 -62
5 92
84 -41
-86 22
-13 65
100 60
75 -10
-2 -73
-51 -51
-81 -45
-80 99
42 99
97 44
57 30
51 -51
-64 32
68 -83
-51 54
25 -28
-41 -68
-82 33
-49 -56
49 -40
74 -20
68 17
82 -87
94 48
67 50
5 -7
56 -78
2 94
-5 -61
-28 51
97 -67
41 -56
-71 -78
-62 -26
-73 -39
-72 65
-14 -98
39 8
-28 -93
-80 -69
3 -99
72 50
-45 31
38 -58
-42 -90
56 39
3 -11
-54 42
54 87
7 -20
-4 -63
-59 -83
-19 29
4 -2
-72 46
74 4
8 22
-43 5
53 69
54 62
84 25
-19 6
57 38
1 34
-51 93
34 22
97 -26
-42 -15
63 -19
-33 49
8 -13
-70 29
-26 100
-25 13
20 -56
46 -23
89 -6
68 -67
33 93
10 -46
14 -86
23 -95
-57 94
-76 -80
-4 28
14 -52
-75 -31
-62 -40
-19 96
3 58
-33 -46
-13 -98
-73 -32
17 15
41 75
21 -9
38 13
-69 53
15 -22
14 70
-88 78
-12 -75
34 -64
-99 -2
55 -92
-57 -52
-34 -88
66 56
-14 39
-76 47
99 93
50 24
-99 -74
-78 -88
59 -5
88 -77
-17 78
-42 13
-58 5
-64 -41
84 4
-32 -63
-54 -63
-86 73
-3 -21
25 12
79 -75
-78 84
-53 -79
-16 8
-47 80
44 -69
-51 58
-92 -44
37 94
100 -88
-44 83
-83 6
13 51
-47 50
73 46
-56 76
11 -78
0 -3
-63 9
-92 -56
62 56
50 99
22 -41
-71 49
49 49
-60 -88
-61 -92
-67 35
89 1
12 -75
20 -4
-29 24
-87 24
46 52
-28 25
35 -51
-21 -26
26 84
5 -75
64 10
-18 28
-84 74
-2 -47
-67 -54
-4 -89
-43 65
69 -12
13 -44
81 -29
65 -4
-73 95
-98 16
-88 -74
63 -29
-18 -93
37 87
7 -75
42 65
-24 13
13 37
4 90
21 -6
-70 5
-7 59
-40 96
-40 6
-4 84
95 52
39 7
-54 -48
3 47
-56 -5
-35 41
-41 -41
0 8
-65 -90
-46 15
-47 47
-1 8
72 87
88 74
-85 18
-77 -76
-37 11
15 -33
10 45
49 -56
-45 -4
-72 -16
-36 -78
-13 -82
-94 73
29 56
61 82
-68 -51
-54 39
-16 -56
-5 -85
9 0
27 59
-98 -92
-3 -90
85 40
-63 32
-59 1
-34 -68
-32 77
-13 73
36 -75
8 25
45 -14
54 6
-90 -82
-86 -61
-2 5
-31 18
-38 72
0 -24
84 -35
31 -29
46 -85
-95 -69
36 -26
-22 -21
81 24
12 11
-4 -10
47 52
37 63
98 -27
-31 -100
69 -50
86 -5
10 -69
-85 84
53 100
79 -90
71 -2
-39 -66
-35 -54
84 -81
-81 12
-81 -65
51 92
-29 22
58 -39
60 -77
-5 93
63 88
92 52
82 -55
-96 -37
8 34
-36 28
95 82
73 17
53 -86
-95 81
-49 59
-22 -90
62 1
27 -96
79 74
-48 83
73 15
-81 96
28 0
-19 100
-24 -18
23 89
4 -51
-88 -42
-72 49
0 46
90 -93
26 -69
-49 -27
91 81
-89 6
-58 26
-50 26
-2 -60
80 53
-51 13
36 -37
-83 -27
-80 -29
-91 97
-81 -25
-41 34
-3 -15
78 42
-30 33
80 12
-73 -85
-75 91
-71 28
-89 -3
63 -96
-99 -60
52 -31
19 -34
-49 77
27 58
20 -7
-18 -80
-32 71
-77 40
-7 -85
63 -52
-54 49
30 -82
-97 -39
71 -68
72 -86
83 57
73 -52
39 44
49 85
-82 5
-4 -78
73 -75
-59 54
88 -21
53 -28
-67 -60
-88 28
-20 -45
-78 38
72 33
95 21
100 -99
100 45
-9 -9
-96 37
8 97
93 -6
47 -65
-47 31
13 -48
-46 60
-23 76
-92 -68
58 66
58 60
90 -98
90 55
-81 -86
-61 -94
45 36
79 -77
14 -33
-8 81
-85 -18
-68 -57
-16 12
65 5
33 10
25 -20
33 -60
42 -38
-81 -54
100 -1
31 80
24 -82
18 -6
-19 66
-42 -80
73 -96
25 -39
-59 -96
-76 67
-49 52
5 -13
-95 73
-9 -89
-22 -97
79 -61
-35 -53
-25 -64
-55 -41
-91 -40
-11 -7
97 33
21 -54
60 6
-100 -10
6 97
-61 -37
42 -7
-43 26
-86 50
-94 94
-62 17
-46 15
7 -100
64 -46
98 16
11 12
3 -52
-79 -1
-11 8
-18 -73
24 65
-89 -13
41 -29
1 -75
18 -72
-86 16
90 22
2 -43
-1 -38
-49 85
52 69
17 -80
-7 -7
-96 28
69 76
-34 5
92 51
-15 -26
17 -28
-47 -81
46 3
44 13
49 89
-31 -94
49 -35
-3 21
-75 -85
6 -89
-14 15
-39 -7
-92 85
9 -15
46 33
-18 -2
-56 41
-68 15
-11 53
-56 -23
53 30
68 50
-14 -95
49 -29
-43 -86
40 -71
-3 -66
-62 -59
46 30
74 -62
49 -80
-76 -91
2 72
76 14
51 5
7 92
0 22
77 8
69 -34
38 88
-47 10
-83 -15
56 74
-86 -87
-24 38
-83 74
-21 77
-87 60
-20 -98
-36 -45
73 22
-43 -58
-43 89
-22 -65
-46 37
-13 -30
3 66
86 -55
-46 27
70 21
-1 68
45 -4
55 63
-29 14
-100 51
-35 -16
-27 -58
6 32
2 -75
-15 57
-25 82
94 68
-67 -5
87 42
-11 28
57 -10
-62 0
51 82
60 71
0 -21
-68 16
-57 21
49 7
90 -32
81 -59
-45 -63
-22 -76
-79 -83
49 44
-44 17
14 16
61 -62
-21 96
87 16
43 21
90 -49
100 -98
49 -77
85 92
-30 -91
-78 49
-47 -7
-73 -13
-34 48
-9 -84
60 49
-21 -49
-41 -91
-100 -15
-90 92
60 75
-80 39
-8 -82
34 -84
78 -68
-26 46
-21 20
42 -14
-86 94
-3 -56
95 -61
69 23
51 51
-26 -33
-43 11
-44 -64
30 -12
-58 -67
-54 94
-13 52
95 5
-41 7
-31 7
-55 -57
93 21
21 -26
37 -11
-89 -18
-95 -86
-17 21
42 34
68 -79
-1 -6
42 5
-34 4
54 -2
-90 -41
58 48
59 -98
71 -64
2 19
87 1
-95 -3
97 -29
94 66
-37 -51
51 -37
-47 -35
-6 21
-2 64
-1 -26
-84 -47
-53 21
-6 -92
-1 -87
18 -88
43 -84
78 99
29 -91
59 39
34 -10
-26 -18
50 -4
-21 60
-76 9
-21 28
-92 -65
7 45
-65 -56
-98 25
-38 11
26 5
-1 18
12 97
53 -76
-32 -25
-29 84
12 66
8 60
-67 13
68 -83
-46 12
-7 -2
53 -88
30 71
-85 -42
34 -51
-51 -87
-12 4
31 52
-77 43
71 -55
-56 11
7 -76
1 1
-80 30
14 89
-48 -59
-12 54
37 -56
41 7
20 77
-99 -20
-58 -46
21 -99
73 80
-55 -54
-95 -58
-76 -6
-76 -70
10 96
60 -82
18 93
-7 68
-6 91
96 11
9 51
97 -20
43 5
73 -55
-39 99
7 68
65 -68
-85 -46
27 98
3 -43
-48 13
86 -99
-58 -76
42 62
-79 -65
-71 -14
75 -9
-61 55
23 -66
68 13
-96 -52
4 -76
-57 85
-95 72
-23 -82
-68 -92
-69 75
-85 -2
-29 -64
41 84
-87 -95
-8 86
-66 40
14 21
88 80
46 -50
19 18
-43 85
47 -80
-86 1
38 19
0 -4
-49 8
-66 -50
-91 71
97 -44
55 54
-5 -9
-99 51
85 -92
-94 27
-70 92
-62 36
71 14
29 38
2 24
24 -87
30 57
86 -63
78 -60
-64 -23
-23 -98
-44 -95
77 86
52 87
-42 89
-50 6
-99 11
37 68
18 -87
82 -12
30 67
100 -40
-30 58
-36 47
-10 -67
-65 -83
-14 96
-75 -4
30 43
-36 9
-52 57
2 40
-91 -61
58 35
-95 20
-58 -32
16 -99
14 90
8 -96
19 -65
51 59
-50 -38
-66 -35
-31 16
27 -98
-63 -11
26 41
76 -61
-10 84
14 0
-47 -74
94 62
-5 24
92 -89
-53 8
36 12
-46 43
-37 -66
-32 -45
17 -45
31 72
-65 2
23 -65
-70 86
-100 -62
15 29
55 -98
83 75
-46 31
-28 -33
3 65
-44 43
17 86
60 28
44 75
-33 -50
-54 29
6 -92
-84 -24
82 7
1 -30
96 -70
63 -26
36 -75
-75 -46
97 -52
29 62
53 -31
36 84
-87 58
83 17
-61 32
39 76
-88 96
-75 -11
-40 -70
-1 -79
-8 78
-33 11
-85 -42
-10 54
-75 6
-46 -74
78 37
-23 -14
-88 40
25 48
27 56
-46 19
-73 4
7 49
-30 -24
-6 -98
-30 12
-9 -4
-33 -15
11 -1
-100 -37
79 -54
-99 12
79 44
-44 -93
97 67
43 -97
-63 -73
-94 49
-100 -88
-34 74
-27 93
35 -3
43 100
86 -44
-92 32
-91 6
32 67
-1 -94
81 84
-59 18
-91 11
-51 51
72 -8
-22 16
-14 1
-13 -39
-28 86
-22 82
-98 80
33 6
16 77
-90 -4
-82 49
-90 -18
68 -16
-72 -76
48 -39
-26 65
74 42
-53 -3
-78 88
-77 99
-92 94
24 -48
21 6
18 71
-66 98
-70 -38
2 -62
0 91
-48 74
77 -87
-15 13
75 -12
79 -79
79 -49
37 6
-27 -66
44 26
14 -9
-63 -8
-44 -50
-18 -70
25 41
0 -53
68 62
50 64
-50 6
-61 83
34 -3
86 82
24 83
-48 23
62 -91
31 -22
-33 1
46 -11
-30 -44
-57 10
3 33
-47 79
-51 82
-99 50
100 31
-80 -30
-14 -11
-28 -45
11 -41
29 36
22 26
56 50
4 -33
15 -28
-49 90
1 0
38 49
45 -66
76 96
-59 -75
77 -88
-65 90
44 -60
-100 -47
14 -24
-45 -13
-37 64
0 81
28 72
-9 8
-9 -13
28 -86
36 47
-8 -91
4 -85
92 6
26 84
10 11
80 63
-87 -41
26 82
84 -84
-37 -56
76 86
94 -2
-56 -37
76 -39
43 -54
-87 9
-23 18
84 -82
68 55
10 -40
-83 17
63 67
-45 15
64 -65
-4 27
-61 -10
58 -17
-76 -47
7 -70
-83 4
90 -67
-4 41
-3 -67
79 -87
-12 62
-88 82
-80 -69
-37 52
-72 -56
-86 40
78 38
-89 -80
-36 29
-37 1
-66 -39
68 -56
8 63
-81 -47
97 17
-94 64
-43 -36
43 84
-11 85
10 96
36 85
-92 84
20 -66
95 35
-89 -50
71 98
-61 80
3 26
39 86
-86 22
43 -99
-99 5
48 3
68 83
-45 48
54 -38
43 -24
-8 89
-82 -20
33 -72
-2 37
53 22
91 10
38 75
-74 66
-62 -72
1 34
-55 11
3 -43
69 61
78 64
55 68
77 87
-31 -98
-28 -53
-55 9
-26 83
-47 -84
20 15
64 -92
-92 -95
40 72
-42 -69
-14 -60
85 31
-40 -16
-56 38
-95 12
80 0
-24 -9
-79 -80
-65 -42
-99 21
53 9
-48 -16
2 -17
-32 58
59 44
-28 -26
-90 94
-17 -34
-89 35
-35 -58
52 7
44 16
-12 -96
44 -29
-68 96
93 -67
-27 -81
-4 -35
-81 30
63 -84
44 -13
-77 19
1 -66
-65 -26
87 -44
11 -1
52 -39
68 -70
-41 48
86 -52
13 67
-58 34
-68 -13
-99 -14
99 -82
35 60
-72 7
-65 32
-52 53
19 -96
82 44
-23 -45
-40 -10
27 24
-62 -3
-72 -80
62 -55
24 -1
1 -17
-41 58
82 35
75 79
-12 58
-72 28
34 21
96 8
96 -10
-81 -15
0 75
-17 -9
-84 37
72 -22
-37 -85
2 -91
-47 -60
1 -84
-80 53
-8 -70
88 48
4 -41
24 59
9 -83
-10 -59
89 94
4 -7
-98 33
27 -63
-85 40
48 70
-93 -7
92 33
-90 -49
18 84
-15 -2
-62 -48
44 10
91 -41
31 2
-7 -75
74 15
14 -68
-89 18
75 -90
73 90
4 -15
91 25
-35 79
17 92
-17 -28
-53 13
-43 36
28 -98
54 -90
51 -47
-84 -7
11 86
75 69
-51 -34
-69 -73
-65 88
70 -78
18 -83
29 -60
57 -41
78 92
-21 72
-51 -92
31 50
67 95
-92 0
-54 -18
89 41
90 -24
-66 -14
3 75
0 -61
48 -39
55 -95
-48 -67
-72 32
-55 6
11 36
20 67
-58 -20
74 17
-46 23
1 -37
26 -5
6 49
9 58
-45 -34
-70 -56
85 38
15 66
94 -88
29 -48
31 25
97 -88
15 21
-21 -23
79 52
59 -92
34 -28
-93 -91
76 50
-71 -78
-63 16
-62 39
-10 51
86 -51
81 26
-7 39
74 -7
-96 -42
-22 -92
33 5
-36 -59
-44 22
95 -73
15 -90
40 -54
-56 -92
-56 36
7 44
58 38
-78 0
-31 -92
63 -29
92 37
-15 72
86 51
-96 71
-95 52
-61 82
68 -67
96 -27
39 74
22 38
-69 -64
7 54
-67 -77
29 -71
1 -51
64 -61
-69 26
47 -43
-99 8
-76 -71
66 61
24 94
-60 16
2 93
-1 -70
13 -96
78 65
9 14
-87 -72
82 74
-90 19
-80 -42
96 34
-66 -90
-53 -43
57 47
-48 -40
47 -97
84 -74
-86 -57
-89 11
-36 -84
-49 54
67 96
-66 -33
27 74
-64 96
-21 26
85 -60
9 -14
-21 53
-74 -47
68 -14
-95 -44
44 59
-53 70
13 20
86 -11
94 -79
65 -12
53 -13
-69 55
-22 -66
43 -82
-72 -31
44 -8
-46 -96
-4 -5
-7 43
58 -42
14 60
1 0
-78 58
73 -2
35 -45
89 64
-60 29
-89 20
35 80
-48 -55
-84 -73
78 -5
59 31
-88 21
90 27
-33 12
71 28
15 -59
87 3
-8 -12
88 -47
89 -61
-40 80
30 56
-90 20
57 -89
-63 45
84 16
35 38
-74 8
38 83
9 -5
66 89
-22 -40
59 75
45 0
13 39
64 5
89 98
9 -71
33 -98
-61 -96
-17 55
2 9
87 89
-91 -66
-15 -95
-21 3
94 -90
-56 -64
-78 54
-44 18
-12 -28
1 -86
-38 -32
-77 -17
27 13
-85 59
29 15
30 -23
21 -81
-20 47
4 50
-48 35
29 -28
-90 -89
-96 52
-16 93
-19 -42
-8 64
-15 -25
-42 -15
-14 -79
47 -24
24 35
46 88
-77 -1
6 -23
-66 58
88 -53
72 10
-93 4
36 -93
3 13
6 22
-71 27
-91 -31
71 -47
-21 41
-43 11
-74 -54
-69 -59
6 -6
16 60
-76 -24
-22 -27
-70 85
-28 64
42 -93
4 -11
-23 35
94 90
35 60
-58 36
61 8
3 73
-17 -59
-77 61
8 81
-92 79
-37 56
-63 77
51 -9
62 -55
-82 100
15 39
88 68
37 49
-27 -65
37 -80
-49 -11
59 -15
-18 -72
-17 -5
72 -60
-38 -73
4 45
22 -69
42 19
-73 -74
30 -9
89 -33
-58 -59
65 98
-35 76
-100 6
90 96
60 -62
-74 50
14 -69
77 -49
68 -71
13 -66
71 30
30 60
48 23
31 -50
16 10
-37 -93
-54 -42
-63 80
95 -98
53 51
-53 -6
-17 -24
97 55
79 -28
-15 97
-13 57
-20 -33
64 -78
42 -85
5 99
9 20
68 37
-41 83
-68 -24
-63 -91
16 -38
-36 -60
-78 10
-21 8
-63 -85
-10 -99
17 2
-10 -81
47 -27
-49 10
75 52
73 -92
9 45
-96 -25
-18 -80
-57 17
-39 66
21 -48
-59 -75
-69 67
-14 34
-69 -64
-1 -73
100 -86
-9 13
-74 45
41 -40
55 20
-62 4
99 -44
41 -22
-31 98
17 73
-32 33
2 32
-79 -67
68 72
-52 -40
100 -33
-52 -53
47 -10
-70 -3
-73 89
-35 -39
-21 -58
74 27
79 14
-33 -41
76 15
-21 4
-93 48
-73 -3
-63 -21
40 -15
31 -21
19 55
-58 29
-72 -53
85 -60
49 -45
27 -54
-4 -73
69 -88
-59 99
-76 -97
55 -64
4 88
26 -48
-1 -94
-18 -6
-52 -76
-89 -72
-27 84
64 65
-40 31
-65 82
-52 71
-10 37
69 73
84 51
38 -77
6 18
35 56
-43 74
61 -67
-65 36
97 91
51 -33
89 -4
-12 62
36 71
-98 17
32 73
-10 -5
-73 61
-66 -11
23 88
-56 83
-69 51
14 13
-49 -67
15 78
-46 -77
14 -91
14 -35
-20 41
36 60
-48 -87
45 5
11 89
1 -16
8 -86
-86 -36
82 -74
-69 -20
-3 -93
80 -86
-83 40
-82 -97
79 -52
-71 36
-94 95
-4 81
56 67
-25 -10
99 39
-77 46
-96 67
-50 -70
18 73
-84 -37
-72 65
-9 -51
-96 -78
72 -38
-94 40
72 36
-55 -21
50 -88
-62 -80
-65 57
-39 -89
0 -16
57 -20
24 92
62 20
73 -37
-69 44
-58 95
-68 -8
-23 -35
87 -30
28 -35
-97 23
24 -22
93 -75
-80 35
-2 85
-80 71
-7 18
-46 -25
-1 35
-10 -100
79 88
77 5
-84 4
65 -43
-76 19
-84 -62
-89 -58
-7 95
-36 14
14 -30
-1 -43
61 33
100 -86
-45 6
-42 75
69 73
-56 -46
93 77
-68 -5
95 -7
-19 29
99 18
18 -22
-33 25
-67 20
-100 -31
38 -96
-85 83
-20 99
-98 -29
-96 -4
-56 41
52 -91
50 97
-6 47
-96 -28
-100 -8
-63 100
11 -18
48 -35
-37 -76
-75 71
-10 -42
5 37
12 36
17 -1
-25 94
59 60
-47 83
-38 -100
-100 -17
17 -8
96 -50
99 -52
67 -78
-18 71
-8 9
-42 3
91 47
-85 -45
49 -17
-38 50
-93 -10
34 -98
-62 51
-95 87
-45 47
-60 -69
82 -47
36 -1
-8 21
15 95
-8 36
-22 -80
93 -83
-37 -60
38 -83
-15 -13
50 56
61 -79
84 29
45 24
-75 78
20 -88
50 -80
42 19
-23 10
23 97
-68 -75
76 -58
-96 -71
-95 18
9 -99
-52 46
-8 -91
58 -95
89 -7
-97 -16
-72 27
-53 4
38 -74
-52 -1
-78 -70
-77 58
40 -27
-4 53
1 -34
-27 39
95 97
82 -15
51 86
67 -23
-87 52
-66 90
85 48
-98 -52
-52 5
28 -36
-50 7
17 -82
-55 -60
84 15
78 72
-48 -67
23 61
-73 -89
82 -97
-83 -8
-27 32
74 -60
44 -43
-29 -8
15 27
-69 64
4 -69
2 64
89 -89
36 15
-34 62
83 48
29 -99
61 28
-99 -25
-12 98
-8 12
76 -56
77 -34
-29 -95
80 53
-16 92
44 -18
26 18
23 -87
-67 -100
51 11
11 25
88 -58
89 69
-2 50
-29 57
10 -73
-92 -71
-49 40
-2 -50
41 11
-81 -42
73 64
-92 70
-87 -57
74 17
-66 53
-8 -71
25 32
64 35
82 8
-98 -71
37 -1
40 -78
-43 12
10 58
-75 -80
82 -25
-59 -13
-12 -82
71 -90
-69 37
6 19
-18 60
-10 57
-35 -23
9 12
62 -65
-7 63
-4 9
13 19
31 87
86 15
-22 50
68 99
-40 -67
98 -24
-12 -53
11 55
-82 73
78 -63
75 -74
-47 -67
-49 -38
24 -69
17 10
32 2
-30 53
-31 -42
-22 76
22 30
3 -74
0 -68
3 51
-61 72
-63 -56
28 59
71 -8
-47 -98
-88 29
-13 16
-72 61
-68 -69
-19 -17
87 -42
51 -86
-49 4
-22 -31
-6 3
-96 -78
-82 68
-42 47
-39 -72
18 -99
-89 11
33 71
-51 3
-3 56
70 91
45 -15
95 3
64 -48
-71 68
39 35
-43 -56
79 26
-69 -15
-27 50
44 -84
86 -13
64 81
-44 -100
-40 69
34 75
-5 1
-57 56
89 1
15 87
-76 -46
95 21
-13 13
-83 68
-61 -25
89 -77
-51 64
-85 76
73 39
57 -94
53 54
65 96
9 38
81 -46
-73 -70
-9 50
51 65
-48 -71
-66 -94
-8 57
22 74
71 30
85 -69
-45 -20
-42 -70
98 -80
-56 64
3 -33
-19 56
13 -42
32 -2
52 35
-8 -14
-62 -19
98 -14
-21 27
100 54
51 -20
43 -26
-18 8
47 -42
-51 -68
-75 31
45 -65
95 14
90 -83
53 71
-45 89
89 -58
72 93
-60 -85
19 -70
-21 -31
-26 9
73 18
57 26
81 5
-35 1
-91 -66
-99 3
-90 -21
-80 -15
70 -26
-47 84
61 -94
-95 -19
13 80
-67 -22
-15 50
15 25
-95 -56
-33 -74
61 91
21 -25
26 -23
46 -96
-12 59
-13 24
65 5
-4 43
35 -27
-75 20
89 60
-79 -66
80 -35
52 -96
73 42
58 -36
-31 -62
91 -5
58 -36
23 -29
30 99
85 -33
-100 32
-81 -93
-88 -60
31 77
77 -3
28 -6
69 -59
-93 -69
68 72
34 -55
61 -45
-80 -77
-61 80
59 33
-6 8
27 58
12 -1
-35 74
-54 31
0 71
88 -16
-78 76
-15 -86
-89 42
41 78
97 -83
-12 -70
21 -37
69 -78
-24 43
-84 73
-16 -11
64 25
-16 -75
92 83
74 -79
-38 -51
9 90
62 -96
-91 -6
47 -22
-81 -24
29 65
18 -15
-46 85
51 99
-95 -29
-73 -59
69 -28
-54 97
22 61
-43 -2
80 5
-38 25
-31 -4
77 -99
1 -17
-4 -33
32 6
60 -41
-89 9
13 28
46 -41
61 28
76 -49
59 82
-81 92
25 30
2 61
5 -82
-41 -85
-50 81
8 86
-52 47
9 57
-63 -34
93 -22
37 -5
-12 70
6 -96
89 81
-43 47
-52 -8
-45 -57
-5 -31
-39 -63
-31 -36
-59 -42
34 -43
93 -4
60 16
94 56
-6 -1
3 93
-37 42
-37 76
-81 -12
-25 -71
-28 -26
-93 9
46 -61
-12 75
81 46
100 -36
-91 -13
97 30
-25 92
-1 -66
-38 -34
-71 38
-98 -78
75 5
-3 -71
-61 -47
-45 -2
52 18
59 -36
-86 64
56 -70
98 -8
15 -99
-55 -31
-69 -57
64 10
-9 80
58 26
23 -67
67 -22
4 85
45 17
49 -70
45 0
25 68
5 -32
11 13
54 -45
-16 -62
29 -100
92 -23
-73 29
-19 -46
-72 -55
54 76
43 63
-4 -96
88 -41
-97 89
21 53
73 -33
95 -66
-25 -43
-22 97
59 82
79 -55
25 14
53 35
-53 -51
32 -47
-80 -68
34 -18
-50 -67
-70 -49
-79 -76
-35 48
-84 -37
-10 -49
-91 -74
85 -92
29 29
48 39
-8 45
-46 -6
50 76
30 35
-26 39
-28 79
81 -50
-58 72
-87 -49
-84 85
-15 -90
50 -61
1 21
-33 56
-43 45
62 -33
28 -44
70 -8
75 -4
-31 59
40 35
-17 -48
14 60
84 -1
35 31
-25 -87
-35 -32
-41 -19
45 33
100 40
81 6
26 50
-6 81
-67 0
36 85
-6 44
37 32
-76 31
-68 81
-64 -57
-52 -33
85 -22
-48 87
-3 -56
-89 73
-18 -58
-29 -12
-31 -73
-88 49
24 -63
19 84
-68 -3
9 -77
-43 24
-61 -60
45 75
-56 -88
41 -17
-53 76
97 44
25 28
-31 -96
0 57
62 24
-75 53
-75 30
-63 45
-16 93
-72 -91
-27 84
10 -29
-80 -35
87 -5
-34 -71
77 17
-99 -86
-21 37
-65 -72
-29 22
-61 53
-30 -57
-50 -91
-88 17
-11 -50
59 -46
23 40
52 32
64 -2
91 -5
15 -96
26 99
53 -75
65 31
93 3
-46 0
-64 -66
-62 93
29 95
26 -43
-98 -76
-53 46
69 7
-53 -78
-27 -88
45 -20
77 -81
-73 -89
65 -31
7 25
-10 92
94 99
27 98
-69 -26
-48 -22
-36 80
-14 11
52 41
-21 70
51 37
-11 30
-67 -13
82 11
41 68
15 -64
-43 14
37 -34
-35 94
40 -10
76 -14
-55 -21
-73 -64
54 -86
73 14
-45 -70
-36 7
-74 -92
99 -17
44 -74
-79 -31
-92 79
70 -89
-91 -50
-2 -75
26 -97
87 -59
88 -89
78 -54
-66 -4
73 -48
-100 -67
-49 6
23 -73
-96 3
6 0
21 -75
74 96
-20 84
15 -24
-90 -83
11 -55
-33 61
58 -54
39 -29
30 -86
-47 -54
-50 -23
-86 73
-51 98
70 64
-58 -50
-53 87
48 16
90 48
53 -42
90 67
-7 -77
-28 -63
29 -40
-57 17
69 12
-96 -44
71 69
-49 94
1 -47
-80 11
-83 -87
81 -95
55 -22
78 -2
-60 -44
88 70
-7 10
83 -21
-99 56
-24 -94
-98 -92
-18 -21
56 -84
49 -56
81 31
99 17
-53 64
70 -89
14 -50
62 51
-10 52
15 52
5 -29
22 72
11 76
63 67
-65 -46
-69 -26
46 44
-43 40
47 -54
-49 45
7 -82
-6 -13
-32 -62
-83 89
-36 -65
-73 59
29 9
-24 -66
63 11
-46 59
-100 8
57 89
-57 -7
-54 7
1 -30
-97 -76
53 -18
24 18
-51 76
43 74
-15 -54
46 48
-50 12
-66 91
-57 -88
-82 71
96 57
7 -39
-82 91
-39 -73
-9 84
32 -20
1 51
49 -26
24 3
54 37
11 -83
-95 52
14 5
-82 2
-1 -69
100 -2
-14 -60
-1 -48
-18 -65
-32 -81
76 0
100 17
4 -90
-12 -6
19 83
65 10
-95 58
-11 13
55 -18
-91 32
-66 48
26 -97
50 -96
-99 -59
-23 16
11 -37
-92 -95
-1 12
39 51
17 -91
-40 49
-80 35
48 49
64 10
-23 -83
63 63
72 -43
-59 -26
-66 -79
-99 -88
-100 64
-61 9
24 -19
32 76
65 58
-56 -74
-27 -77
82 2
-93 74
-84 90
-55 -66
87 14
-70 73
-100 70
-98 48
-64 -94
-2 74
95 -92
-4 47
-67 -35
86 -54
-67 -62
-8 -88
93 37
92 -98
-97 -50
-76 -25
-39 49
-10 -82
-34 45
79 3
14 -95
-1 -54
91 -37
-86 -54
-84 -15
-50 -33
50 65
-97 75
-92 -94
31 -30
72 98
-97 38
44 -88
-59 62
-95 -70
85 -99
-89 -79
-23 -95
-49 -94
72 49
5 -81
80 -40
-72 -36
-37 -23
4 45
-47 41
39 55
-12 86
23 16
-30 17
74 82
93 14
-11 -80
38 94
-91 5
-50 -60
52 -11
92 74
30 89
52 -61
26 14
-38 -80
-60 27
-18 -18
47 11
62 -65
-58 95
89 -23
-78 -44
63 -33
57 95
71 28
-48 50
-63 52
88 -25
-18 -94
61 -65
97 -15
80 -8
-61 3
-7 24
97 94
-72 -61
-79 -39
-57 89
14 -57
-44 -49
-77 33
-3 26
-86 57
-95 85
49 -22
-27 -25
-87 13
-29 -66
-97 0
17 -16
-11 -11
67 -11
19 15
98 -6
72 -84
-37 -75
20 -92
20 11
89 -46
-73 -26
50 93
41 -63
-68 -18
-42 81
-84 36
-42 8
32 97
40 53
90 -57
87 -3
82 -92
62 37
76 -40
92 -85
-16 -40
-1 1
56 -12
38 88
37 77
-86 21
17 -1
88 88
-15 -96
-36 -92
20 19
0 59
-68 -3
39 53
18 77
-37 23
65 -94
-66 -38
25 3
-82 29
17 49
81 -98
-6 28
-22 -82
41 71
-95 -97
91 43
9 -44
-28 6
-69 -43
35 12
44 84
-90 -79
-15 -58
82 8
-30 73
-27 52
-7 72
56 74
22 16
29 60
-90 57
-86 71
-87 -58
-51 76
3 13
-52 -99
19 19
83 -66
-14 100
93 32
-12 -24
-72 72
-55 56
-39 -84
99 -58
31 -32
93 71
-93 27
11 -23
73 26
93 94
-11 47
30 -45
14 29
-62 13
11 -12
-2 44
-67 -60
-91 13
13 -99
-80 -29
-71 -68
64 19
-8 9
11 89
-39 51
-20 -3
-34 81
-83 -27
-5 -84
96 -15
-40 -90
45 80
67 -16
35 78
-73 -18
73 -26
-38 -93
-64 -37
63 -85
-51 -29
-80 -45
46 58
1 81
18 18
43 -57
-33 -52
61 69
50 -67
-76 60
-24 -3
28 0
9 7
-38 23
-39 -25
-45 0
-43 -55
-33 -48
77 42
-27 50
28 -32
16 -62
54 11
48 -45
-23 10
6 -74
88 82
18 -83
94 -71
-43 -38
95 -69
-12 16
-10 -93
96 14
-98 82
-11 -48
25 -12
-72 43
-96 -63
-11 -60
-51 -80
-18 -45
4 87
-99 -71
-66 0
-15 74
-27 -9
-43 72
-2 91
-4 -47
30 -43
39 21
89 28
29 -36
97 19
-92 69
6 51
-77 21
33 81
-54 -11
-2 -93
94 -30
32 18
-46 6
21 30
-16 -4
1 73
72 -94
85 -93
-65 -88
0 -33
-26 15
28 39
-6 89
-29 7
47 98
13 98
47 26
19 -77
80 19
-74 30
30 -18
7 -14
-1 80
-93 -100
-42 58
0 56
-2 16
15 14
56 -2
-15 -61
35 70
-57 53
-89 -46
93 -85
-98 -23
-49 33
92 -67
39 -18
81 77
65 -51
-17 31
4 21
-66 77
-40 -23
-77 86
-43 68
-78 28
-20 -19
37 -61
-78 -56
-54 -77
-22 10
-61 61
-100 27
20 -62
-80 -74
43 -44
-31 -85
66 -38
-73 25
-81 37
94 88
100 28
-80 -9
82 -1
-99 38
-36 -4
-7 91
32 -34
38 41
51 74
-77 2
-73 -54
-38 75
-49 -78
7 23
-89 15
38 -68
-60 32
-47 -21
83 32
87 49
50 74
61 0
-64 -33
22 88
-56 16
-71 -64
-65 -68
-20 25
29 -91
21 -63
58 -33
-25 52
11 -79
-47 30
-47 -86
70 52
97 72
-68 -73
-6 -52
66 -5
-85 6
23 -83
-35 98
21 47
46 -91
69 61
-99 26
7 -4
-78 10
22 94
79 -57
-28 4
79 0
60 76
2 -44
-78 16
96 69
51 15
-83 -6
-39 83
47 -81
24 51
-97 67
19 -7
56 -19
-50 81
2 -78
-2 63
61 32
-97 62
20 -99
66 -20
-2 75
80 59
8 -53
-90 13
-42 -78
-87 69
-34 27
-98 -88
79 22
-32 22
9 70
-46 27
-81 82
88 -62
54 12
-37 96
76 97
91 47
7 -67
2 3
29 90
48 69
-19 -97
-60 -21
-28 -18
99 -2
86 -44
-98 -70
-41 -89
-75 -17
1 -35
-50 -17
85 57
46 -30
4 76
14 46
-37 71
-28 47
-23 -81
-34 -49
-60 59
74 -86
-1 -39
-50 -24
67 -49
-61 49
7 99
-25 -74
-85 -92
68 29
8 -85
-66 -29
53 4
-23 -7
-61 -72
12 -40
87 -83
-57 -19
18 89
92 -82
6 92
29 -2
43 16
2 -97
-19 -31
34 99
-22 8
-51 0
-50 -90
63 -15
-52 -88
55 90
-98 53
-5 60
-20 -70
14 93
79 44
74 -86
-62 -86
36 85
3 8
47 -10
-6 70
-23 38
80 -87
43 -38
14 -84
29 22
-95 62
-75 43
44 52
41 64
-30 -60
23 -81
-8 72
-64 -28
-51 -11
18 90
16 49
-83 -66
92 73
91 -50
-2 20
-42 -9
-51 -98
-59 -32
39 84
59 64
39 -65
-97 -35
-24 -68
35 -26
-97 -32
89 -78
-78 51
-11 -69
81 -1
-35 28
72 -84
36 57
-19 24
-16 87
-58 16
25 -70
-81 -80
28 -33
-37 55
2 67
-83 -85
35 86
-77 -89
-73 7
-55 -57
-17 -74
-45 58
42 -81
-85 91
-11 47
-85 -29
-57 -92
88 61
-64 -79
85 -94
8 -70
-2 -15
-4 15
-75 -97
46 47
-8 39
8 -12
-33 -9
84 73
80 -40
-50 -67
-80 -88
63 74
-75 43
16 -79
46 72
46 14
66 58
92 94
27 42
-6 22
-46 66
55 -67
11 92
88 -76
-88 40
-46 80
91 -11
-2 -75
-37 -3
80 -58
7 4
-42 54
47 72
2 19
54 59
-78 -82
73 33
58 -20
-56 -4
1 -36
-40 -33
-62 43
76 6
15 68
96 -53
41 -3
39 45
-79 75
53 -8
70 -16
30 -85
-93 90
-32 -45
40 93
84 13
12 -20
5 -52
69 -70
-5 -79
-36 -6
77 57
48 72
14 23
-91 -41
-54 -11
93 25
33 99
-66 11
57 -24
77 1
-4 -75
-49 -91
-27 10
-2 76
-60 89
91 -58
-17 -13
94 -87
18 -48
81 25
39 -29
17 -44
-67 15
10 -84
19 -92
-19 -45
87 34
-38 -68
-3 81
84 12
12 9
-86 45
29 52
48 48
-83 -89
71 72
-37 -2
-74 63
73 -30
-95 9
-85 -78
65 5
10 -60
65 56
-36 -30
-76 92
99 46
-63 92
20 9
66 -44
72 84
-14 -2
-21 98
11 2
47 -51
36 -15
66 -64
-56 -35
-72 -24
20 -28
12 31
84 26
63 28
78 -67
3 -31
-15 -4
-30 -14
-51 73
80 -40
-30 96
72 48
25 74
43 -4
-97 85
88 65
-22 -42
-20 -17
98 -20
89 100
-4 33
60 -59
92 1
91 62
98 42
-83 55
48 -82
-91 50
-41 -29
-60 78
58 25
70 -57
-78 -99
-58 20
-99 -68
38 -88
99 -22
33 -49
9 -68
-54 -98
83 35
-58 -12
-47 -21
-91 0
-30 -17
-6 29
66 22
4 -20
-49 38
-50 22
60 -15
-78 13
-43 -19
9 55
9 45
49 -7
-89 80
-56 90
-30 29
70 -88
80 19
-7 -30
0 65
10 -25
-39 -11
6 57
-6 86
14 -100
2 -8
-49 -34
83 -50
-72 -49
39 -85
-79 -17
13 -7
21 66
1 73
-25 -29
-12 -97
-82 -30
11 3
85 -52
-20 88
-53 84
-62 -9
-40 -84
-43 44
94 44
-48 39
88 58
-36 -38
-90 -89
-56 -86
16 70
-49 -79
-45 -6
-1 44
50 -87
87 44
65 22
-27 44
48 13
-61 -53
87 -91
-72 -14
-35 9
41 -41
-65 9
92 -19
-4 9
1 70
9 26
80 -43
-64 -41
-72 -22
-6 15
46 95
-42 52
-1 38
24 -29
18 -35
-31 -46
-54 -19
-12 -46
5 -33
-97 -81
39 -52
33 -29
-31 50
0 38
-55 -77
73 42
30 11
1 79
-3 -36
-22 -52
17 31
59 59
6 82
91 -37
-100 -23
2 45
-69 -64
44 46
9 0
-75 89
-41 34
25 35
19 -91
-52 -81
-79 72
-99 5
-87 63
68 -22
34 -63
-100 -2
-6 -42
8 27
72 -58
38 -49
-87 -7
24 -18
23 -29
99 -7
-50 -99
-7 67
31 -51
-83 -14
-3 -25
-32 16
71 57
-93 -60
55 14
14 77
17 -95
88 -60
53 -90
7 -83
29 -44
-8 -62
-23 -16
-76 32
53 -93
47 96
85 -46
-54 13
-4 3
48 40
-98 26
2 -25
42 7
-86 -25
-28 -21
42 74
-91 -44
-76 -66
39 -64
-85 0
72 81
-37 -98
-74 -43
46 32
90 -5
-88 -8
-96 -15
-48 -53
4 -42
43 -86
31 88
2 -86
6 -32
50 -56
21 70
-94 -100
42 58
-79 47
75 -54
-78 -22
94 26
94 84
27 -90
72 100
0 47
3 -60
-3 -72
98 53
-81 51
-33 44
-24 -31
-76 -95
84 85
79 46
75 -44
82 -59
73 -83
35 53
-68 66
96 77
-5 -58
56 -87
57 54
37 -18
-18 16
-22 -27
-94 -87
81 -78
71 -41
-11 6
-11 -36
57 -24
-77 -98
81 87
25 -12
-24 87
-32 45
-88 60
-46 -83
7 -50
52 -56
58 -53
52 -82
-19 36
87 -78
22 -50
25 -94
55 -58
-7 -44
-30 -2
8 -89
-36 -23
28 52
95 -25
-68 90
-28 -48
46 68
64 -23
-2 -67
-79 -74
-59 -58
-78 -52
-12 58
-40 -6
-24 22
66 94
-24 50
32 52
-21 -85
98 -23
96 26
-74 63
-84 -59
28 -45
31 -54
-1 91
92 18
52 -5
-52 -31
77 72
-41 60
-10 -27
93 -82
38 -6
-64 20
-9 36
-87 -18
95 -90
36 86
13 9
-4 44
15 34
76 43
-35 11
37 -27
50 -68
84 -64
77 42
11 69
-55 76
58 -86
60 -26
27 13
-90 72
-31 -9
-11 -99
-84 -59
62 -20
-23 -19
72 -20
4 31
-22 15
31 63
-53 -61
85 7
93 12
69 42
67 97
-78 2
-23 10
99 85
-36 51
-76 -52
-37 -19
-48 -10
78 -11
22 61
-2 83
88 18
7 -94
-65 -25
86 -4
-52 4
-80 -91
-7 -12
-65 84
74 -92
90 -54
-23 6
-17 -78
58 84
92 94
-87 60
-31 92
-99 61
30 43
6 6
45 -56
64 -18
63 74
-32 45
-21 66
33 35
-34 -50
31 11
-57 66
35 34
-25 5
-100 28
-18 -10
-15 -42
-95 35
83 81
-40 -2
-64 -100
-67 -15
-44 -42
47 -1
-36 -45
-45 -100
65 -57
-11 85
-61 46
-39 31
-53 3
-38 -46
-98 -6
-80 -75
-42 -87
75 -74
55 35
-98 -43
-74 -99
14 -45
-42 40
-82 47
-74 -81
79 98
50 26
73 94
66 -79
-41 -44
-86 59
-34 -50
-43 -85
28 -88
-83 64
22 86
-52 65
-91 70
70 -11
-4 -20
72 26
-39 -27
-66 94
-77 36
-19 59
-98 -91
-23 -17
-75 33
39 -69
-90 -28
-5 30
-43 22
-71 -27
22 -1
67 75
15 87
-49 42
-38 53
2 46
81 78
15 39
-62 -20
73 -22
-96 -71
-14 71
-71 23
88 -13
36 8
-13 -45
-18 81
-36 -80
67 -93
34 100
-52 23
-25 79
-21 85
-48 -11
-84 -33
-60 0
-48 10
-60 -65
-99 17
-99 74
73 72
-1 63
22 32
32 -27
17 79
-61 -53
-97 -73
-81 -98
-29 -95
-4 -63
47 99
-3 30
10 31
1 -81
-43 -16
71 91
40 31
-82 -89
46 -28
100 -34
-3 17
10 -93
-44 14
-54 -18
80 86
68 11
-25 44
51 -76
-80 -20
-67 58
64 12
-31 58
-23 85
-30 41
-22 21
64 -80
58 83
80 30
46 -37
-85 52
-7 -10
-93 -11
-81 63
-1 -88
37 42
25 94
76 -64
-16 -25
-55 54
95 -9
85 -48
87 4
-44 -28
-11 -98
-33 -77
-49 6
-84 -49
-46 93
70 90
-9 -71
61 -18
20 3
-100 -74
98 55
94 66
34 -25
-55 37
-22 -51
-18 -28
-84 66
32 68
-36 73
-44 -86
-85 -47
64 74
96 52
17 -63
26 34
-41 26
8 -35
14 -84
51 -20
48 34
60 -66
42 49
-83 14
57 -25
22 45
54 -84
27 98
50 -51
-73 74
-33 27
-31 -33
-46 74
53 83
87 30
96 -55
29 -6
-70 13
-65 -61
20 -65
-45 -94
-85 -57
-71 36
-36 91
-99 -62
-21 -24
-14 86
29 18
-34 -28
50 -8
-37 -60
-15 32
-11 67
-25 97
-98 -89
-62 32
-56 -3
71 62
8 -32
-95 -94
-22 28
-85 2
-25 -55
-35 12
71 -77
44 -27
71 46
-25 -24
-74 -89
10 88
-25 -66
-53 -42
-31 71
36 51
-35 -95
57 88
-33 90
86 -11
64 77
-50 64
79 -61
-75 81
2 41
32 38
-56 60
-99 -77
62 90
-77 97
38 83
-51 -55
-37 64
-93 58
-91 -88
-33 33
22 -42
56 94
4 0
66 -67
-72 96
-74 93
89 1
-18 -87
46 -4
35 -90
82 -87
32 -64
19 26
45 -6
21 37
-60 37
-31 39
-87 -50
-50 -21
86 -73
75 0
-36 -52
61 -24
46 91
-56 -82
-18 35
82 30
-22 62
57 10
-4 80
-35 11
-41 96
63 -19
10 64
-75 -43
-70 -1
-11 -98
-37 68
74 36
29 -76
71 11
39 82
-75 100
54 84
15 -93
-94 15
-11 78
12 -69
9 -27
67 97
15 -63
-92 45
-96 56
-54 91
-16 13
6 -10
-73 -80
18 -50
25 75
43 50
88 -4
83 -53
-34 -83
96 -83
54 13
33 1
95 19
-45 3
38 83
-30 -7
-65 47
70 -49
-84 -17
53 61
7 -50
-24 16
46 93
92 32
8 -90
1 -33
-63 62
-5 -74
-50 -3
-74 96
-67 -1
-1 16
-76 -23
18 -2
-47 68
-28 -26
75 50
-64 -67
-70 35
66 18
71 -8
87 -93
34 -27
17 91
41 -89
26 -37
93 -26
-4 42
64 -91
44 49
-77 -82
20 79
-36 -3
53 -61
73 22
-29 63
18 1
73 82
-12 94
62 -68
-4 -46
-88 37
-46 -9
-71 -46
0 -79
-70 26
30 -90
-21 -29
-40 24
61 9
51 -15
-28 2
-84 92
16 98
68 -25
25 -27
39 44
72 57
-64 76
16 50
97 86
-27 -32
-27 -92
15 62
-94 59
39 24
-5 -13
-91 -88
-56 61
19 -54
98 80
43 -68
-46 -2
4 53
11 7
61 86
44 -40
21 -66
-29 53
52 41
-55 -78
-51 -86
78 12
-35 3
15 -75
-64 58
-71 41
-8 11
51 -97
62 -81
1 -21
8 -15
-92 -9
-4 89
-69 -22
65 44
49 -73
2 7
-38 59
-43 90
-88 -56
-6 10
45 85
-68 -61
86 72
-97 -17
91 99
39 54
-27 3
-58 5
-30 -48
30 32
-99 -99
-65 47
80 -34
-62 51
58 -87
28 23
-12 96
-52 -7
57 25
-31 -91
-26 91
-44 -30
-36 -50
1 -11
87 92
-8 -40
18 -92
57 38
-44 29
-65 10
61 -13
23 45
-49 93
7 68
17 21
30 -58
-9 17
-42 -29
58 -11
82 39
-88 98
29 -20
44 13
-78 -54
60 41
33 5
29 -23
40 63
61 51
-89 -67
16 -16
93 -16
-100 20
-35 -91
-65 -17
21 73
-25 -76
-39 9
-18 19
88 28
-9 84
-10 -85
-71 8
-8 10
93 80
70 93
13 -7
69 -45
59 79
52 -87
65 51
-78 -88
17 -67
-19 -91
-27 -34
-74 -68
72 -16
0 19
-68 -55
67 -62
21 17
11 -45
25 -85
48 -26
-68 23
57 14
-28 67
6 7
-43 -68
22 -61
12 34
-14 -33
-57 26
-33 39
97 69
87 -15
-11 -60
-30 38
44 -1
11 14
-93 -53
-96 29
-13 5
28 -89
11 14
44 -61
40 -61
41 87
