0 398
0 900
0 912
1 62
1 262
1 276
1 356
1 407
1 672
1 838
1 896
1 930
1 994
2 118
2 209
2 211
2 372
2 399
2 849
3 66
3 137
3 148
3 151
3 363
3 882
4 146
4 194
4 213
4 266
4 456
4 458
4 560
4 648
4 897
5 165
5 270
5 339
5 458
6 404
7 556
7 832
7 996
8 115
8 196
8 602
10 37
10 181
10 587
10 729
11 185
11 317
11 345
11 426
11 613
11 625
12 66
12 67
12 74
12 226
12 265
12 330
12 598
12 850
12 936
13 135
13 185
13 256
13 299
13 796
13 985
14 19
14 96
14 135
14 725
14 898
14 937
14 986
15 100
15 346
15 427
15 553
15 595
16 34
16 84
16 257
16 262
16 488
16 904
17 128
17 546
17 630
17 676
17 961
18 54
19 243
19 288
19 451
19 979
20 82
20 407
20 955
21 171
21 281
21 464
21 795
21 809
22 379
22 598
22 906
23 163
23 181
23 255
23 374
23 508
23 511
23 728
24 446
24 618
24 728
25 119
25 532
25 651
25 881
25 931
26 42
26 157
26 430
26 527
26 555
27 119
27 226
27 273
27 655
27 764
27 875
27 974
28 286
28 431
28 589
28 954
29 39
29 435
29 629
29 630
29 764
29 859
29 879
29 901
29 948
30 686
30 767
31 244
31 311
31 464
31 593
31 638
31 834
31 912
31 949
31 992
32 369
32 477
32 564
32 967
33 82
33 206
33 279
33 773
33 853
33 855
33 880
34 155
34 197
34 238
34 429
34 493
34 735
34 741
35 69
35 219
35 404
35 728
36 755
36 756
36 981
37 92
37 399
37 473
37 700
37 959
38 453
38 463
38 588
38 927
38 992
39 91
39 286
39 472
39 900
39 985
40 132
40 172
40 213
40 310
40 733
41 195
41 293
41 406
41 691
41 901
42 392
42 553
42 562
42 683
43 86
43 262
43 489
43 503
43 590
43 827
43 836
43 907
44 114
44 158
44 453
44 494
44 587
44 820
44 888
44 913
45 112
45 296
45 775
45 824
46 659
46 829
47 186
47 238
47 292
47 331
47 911
48 382
48 544
48 620
48 644
48 715
48 729
49 342
49 397
49 878
50 128
50 170
50 644
51 301
51 678
52 307
52 427
52 544
52 845
53 134
53 391
53 530
53 566
53 627
54 125
54 648
54 707
54 826
54 853
55 113
55 662
55 938
55 979
56 121
56 213
56 293
56 337
56 353
56 418
56 676
56 689
57 85
57 555
57 876
58 259
58 364
58 465
58 902
59 137
59 466
59 693
59 763
60 182
60 230
60 366
60 436
60 467
60 581
60 797
61 83
62 334
62 683
62 780
62 924
63 536
63 692
63 803
63 892
64 301
64 458
64 461
64 767
64 856
65 245
65 465
65 686
65 699
66 109
66 153
66 343
66 453
67 128
67 145
67 243
67 704
67 755
67 844
67 987
68 95
68 159
68 277
68 460
68 464
68 501
68 650
68 721
68 790
69 541
69 618
69 643
69 989
70 175
70 331
70 633
70 958
71 117
71 350
71 604
71 926
72 99
72 193
72 460
72 478
72 538
72 546
72 868
72 947
73 404
73 524
73 640
73 980
74 527
74 560
74 650
74 992
75 100
75 625
75 687
75 725
75 757
75 906
76 269
76 353
76 573
76 624
76 938
76 946
77 103
78 405
79 102
79 131
79 138
79 222
79 538
79 557
79 878
80 178
80 527
80 642
80 990
81 137
81 139
81 349
81 493
81 573
81 693
81 735
82 95
82 759
82 951
82 957
83 143
83 167
83 230
83 396
83 521
83 537
83 684
83 752
83 855
83 879
84 371
84 446
84 480
84 662
84 816
85 456
85 821
86 385
86 606
86 619
86 917
87 105
87 284
87 881
88 481
88 502
88 586
89 95
89 209
89 513
89 568
89 863
90 127
90 394
90 712
90 798
90 923
90 927
91 602
91 626
91 690
91 691
91 736
91 866
92 189
92 354
92 392
92 701
92 739
93 120
93 448
93 559
93 563
93 742
93 955
94 550
94 570
94 647
94 678
95 346
95 414
95 478
95 566
95 654
95 725
95 915
96 132
96 485
96 515
96 670
96 924
96 989
97 265
97 865
97 909
97 966
98 247
98 316
98 371
98 387
98 479
98 503
98 862
99 374
99 474
99 553
99 560
99 723
100 232
100 771
100 940
100 965
101 114
101 143
101 501
101 604
101 813
102 235
102 437
102 498
102 504
102 704
102 715
103 296
103 430
103 464
103 560
104 584
104 790
105 453
106 773
106 866
106 960
107 159
107 169
107 665
107 998
108 131
108 276
108 298
108 329
108 438
108 718
109 679
110 280
110 327
110 624
110 752
110 836
110 997
111 516
111 918
111 938
112 812
112 987
113 135
113 438
113 458
113 577
113 718
113 914
113 977
114 153
114 216
114 253
114 276
114 783
115 359
115 758
115 803
115 809
116 122
116 320
116 546
116 572
117 260
117 502
117 822
118 320
118 334
118 358
118 421
118 516
118 545
118 721
118 799
118 834
119 572
119 889
120 238
120 258
120 510
121 290
121 374
121 532
121 883
122 180
122 400
122 409
122 576
123 135
123 891
124 271
124 461
124 505
124 615
125 579
125 581
125 706
125 839
125 880
126 186
126 335
126 392
126 516
126 571
126 642
126 679
126 810
127 676
127 897
128 722
128 912
129 259
129 327
129 629
129 698
130 613
130 690
131 176
131 473
131 539
131 965
132 472
132 568
133 377
133 422
133 848
133 988
134 741
134 794
134 861
134 877
134 994
135 310
136 225
136 250
136 405
136 510
136 926
136 994
137 320
137 421
137 511
137 627
137 832
138 830
138 901
139 154
139 276
139 335
139 579
139 605
139 653
139 720
139 851
139 962
140 178
140 536
140 749
141 482
141 531
141 553
141 629
141 741
141 859
141 877
141 953
142 201
142 381
142 588
142 629
142 988
143 148
143 218
143 752
143 859
144 267
144 386
144 539
144 679
144 713
144 839
145 346
145 570
145 698
146 508
146 530
146 570
146 637
146 742
146 821
146 824
146 863
146 881
147 173
147 276
147 456
147 651
148 303
148 684
148 898
149 202
149 236
149 580
150 235
150 404
150 425
150 788
151 296
151 606
151 875
151 936
152 351
152 423
152 694
152 844
153 265
153 547
153 625
154 538
154 598
154 869
154 942
155 190
155 196
155 224
155 240
155 375
155 385
155 494
155 542
155 566
155 672
155 687
155 710
155 731
155 779
155 967
155 972
156 809
157 432
157 753
157 913
157 993
158 185
158 273
158 531
158 634
158 909
159 184
159 646
159 735
160 241
160 894
160 992
161 248
161 810
162 228
162 367
162 487
162 648
162 841
163 201
163 403
163 511
163 772
163 833
164 749
164 799
164 902
165 168
165 225
165 711
165 841
165 846
166 417
166 524
166 631
166 821
166 883
166 903
168 767
169 367
169 639
169 758
169 767
169 785
170 559
170 578
172 223
172 919
172 962
172 964
173 300
173 360
174 260
174 360
174 746
175 381
175 598
175 636
175 996
176 190
176 460
176 471
177 227
177 281
177 650
177 727
177 894
178 319
178 333
178 410
178 621
178 747
178 759
178 879
178 914
178 936
179 209
179 537
179 619
179 912
179 940
180 605
180 732
180 736
181 237
181 314
181 394
181 486
181 624
181 729
181 826
182 530
182 545
182 617
182 704
182 792
183 438
183 588
183 652
183 655
183 661
183 714
183 782
183 982
184 472
184 676
184 851
185 411
185 476
185 613
185 691
185 733
185 753
185 789
186 489
186 516
186 609
187 502
187 637
187 656
188 523
189 243
189 247
189 260
189 594
189 929
190 587
190 628
190 658
190 884
190 997
191 212
191 319
191 459
191 763
191 979
191 996
191 999
192 201
192 727
192 733
192 743
192 793
192 818
193 216
193 236
193 288
194 267
194 370
194 382
194 491
194 553
194 708
194 978
195 677
195 857
195 926
195 941
197 612
197 673
197 843
197 975
198 224
198 906
199 218
199 825
199 898
200 222
200 271
200 347
200 566
200 606
200 708
200 793
201 608
201 770
201 775
202 221
202 922
202 930
203 272
203 641
203 778
203 914
203 967
204 275
204 322
204 605
205 417
205 565
205 799
206 481
207 466
207 485
207 613
207 643
208 212
208 265
208 594
208 610
208 640
208 818
209 583
209 616
210 382
210 663
210 728
211 287
211 985
211 988
212 480
212 584
212 658
212 686
212 845
212 850
212 920
212 948
213 285
214 342
214 364
214 558
214 658
215 482
215 827
215 910
217 345
217 402
217 853
218 460
218 611
218 937
219 581
220 328
220 777
220 936
221 776
222 652
222 767
222 867
223 744
223 884
223 976
224 264
224 428
224 814
224 828
224 926
224 929
225 587
226 654
226 685
226 882
226 944
226 996
227 249
227 705
227 728
227 894
228 362
228 974
229 526
229 878
229 975
230 289
230 658
230 715
231 313
231 316
232 736
232 895
232 938
233 387
233 471
233 504
233 696
234 298
234 408
234 426
234 434
234 558
235 628
235 700
235 962
236 720
236 726
236 801
237 458
237 742
237 832
238 410
238 436
238 585
238 649
238 959
239 269
239 521
239 991
240 370
240 609
241 494
241 987
243 291
243 292
243 327
243 738
243 856
244 810
245 466
245 503
245 854
245 921
245 957
246 588
246 707
246 985
247 299
247 919
247 986
248 273
248 305
248 550
248 656
249 705
249 765
250 559
250 656
250 701
251 495
251 538
251 865
252 586
252 770
252 969
254 530
254 625
254 848
254 865
255 306
255 917
255 971
256 565
257 488
257 600
257 677
258 292
258 366
258 643
258 695
258 981
259 592
260 745
261 315
261 416
261 653
262 466
262 571
262 858
262 981
263 286
263 373
263 382
263 422
263 491
263 952
263 974
264 495
264 610
264 633
264 782
264 927
266 428
266 463
266 494
266 563
267 335
267 899
267 914
269 315
269 900
270 458
270 706
270 891
271 369
271 951
271 990
272 363
272 835
273 425
273 707
274 390
274 443
274 520
274 838
274 865
275 289
275 297
275 350
275 531
275 567
275 586
275 597
275 645
275 685
275 846
276 348
276 414
276 546
276 581
276 698
277 917
278 365
278 815
279 648
279 784
280 404
280 416
280 475
280 477
280 508
280 657
281 291
281 344
281 510
281 871
281 899
282 368
282 478
282 484
282 794
283 562
283 588
284 884
285 692
286 417
286 729
287 460
287 644
287 671
288 589
288 684
288 797
288 964
289 310
289 523
289 632
289 933
289 975
290 490
290 631
290 797
290 903
291 793
292 310
292 463
293 842
294 327
294 342
294 390
294 574
294 604
294 699
295 303
295 381
295 508
295 963
296 408
296 499
296 520
296 669
296 715
296 826
297 351
297 359
297 478
297 844
297 893
298 397
298 504
298 596
298 683
298 733
298 786
298 876
299 374
299 430
299 472
299 643
299 801
299 849
300 579
300 754
300 987
301 330
301 500
301 722
301 736
302 479
302 587
302 658
302 938
303 311
303 705
303 971
304 350
304 529
304 724
304 879
305 998
306 346
306 426
306 495
306 568
306 785
306 910
307 476
307 728
307 741
307 743
308 385
308 390
308 509
308 691
309 383
309 496
309 712
309 872
310 393
310 975
310 998
311 317
311 358
311 486
311 534
312 376
312 463
312 613
312 729
312 752
312 921
313 333
313 760
313 924
313 991
314 668
314 684
315 703
315 796
315 908
315 971
316 516
316 643
317 732
317 889
318 942
319 502
319 700
319 871
319 953
320 651
320 734
320 825
320 844
320 870
320 881
320 946
321 367
321 753
321 780
321 787
321 803
322 442
322 460
322 939
322 981
323 502
323 575
323 800
324 393
324 538
324 811
325 926
326 605
326 643
326 732
326 875
326 897
327 366
327 388
327 646
327 661
327 990
328 432
328 635
328 702
330 575
330 645
330 755
330 988
331 415
331 649
331 806
331 927
331 992
332 356
332 548
332 555
332 557
332 942
333 726
333 769
333 892
333 911
334 457
334 712
335 399
335 529
336 489
336 768
337 351
337 475
338 403
338 417
338 487
338 497
338 742
339 383
339 484
339 698
339 772
340 811
341 717
341 958
342 350
342 735
342 983
343 405
343 605
343 809
343 878
343 983
344 577
344 825
344 974
345 411
345 427
345 636
345 903
345 977
346 548
346 600
346 618
346 683
346 822
346 906
347 567
347 604
347 702
347 761
348 510
348 734
348 753
348 782
348 879
348 911
348 963
348 966
349 406
349 787
349 948
350 532
350 759
350 868
350 872
350 887
351 830
351 853
351 871
352 612
352 830
352 892
352 898
353 435
353 521
353 604
353 619
353 806
353 833
353 845
353 875
353 899
354 406
354 643
354 720
356 710
356 794
356 864
356 894
357 417
357 427
357 885
357 906
358 990
359 531
359 871
360 442
360 446
360 528
360 956
361 462
361 534
361 924
362 588
362 924
363 738
364 396
364 595
364 687
364 882
365 517
365 888
366 760
367 612
367 615
367 674
367 730
367 734
367 834
368 564
368 677
370 675
370 730
370 835
370 994
371 399
371 875
372 435
372 455
372 532
372 651
372 894
373 393
373 399
373 468
374 392
374 486
374 606
374 626
374 744
374 779
375 442
375 475
375 788
375 821
376 626
376 790
376 809
377 663
377 958
378 379
378 550
378 807
378 893
378 968
379 462
379 614
379 683
379 734
379 854
379 885
382 995
383 452
383 633
384 392
384 403
384 551
385 433
385 890
386 788
386 876
387 660
387 983
388 557
388 633
388 672
388 979
389 458
389 544
389 765
389 857
389 866
389 887
391 485
391 510
391 671
391 991
392 540
392 776
392 866
393 598
393 729
393 793
393 911
394 397
394 409
394 666
395 462
395 822
395 885
396 478
396 518
396 764
396 814
396 971
397 917
397 935
398 491
398 857
398 914
399 468
399 478
399 514
399 700
399 898
400 950
402 549
402 597
402 619
402 951
403 603
404 661
404 789
405 519
405 884
406 455
406 724
406 742
407 462
407 466
407 524
407 696
407 706
409 426
409 553
409 671
409 829
409 873
411 461
411 513
411 628
411 807
411 912
412 513
412 628
412 635
412 821
412 884
412 930
412 951
413 575
413 644
413 797
414 447
414 519
414 973
414 989
414 991
415 446
415 818
416 486
416 513
416 678
417 455
417 581
417 661
417 793
417 816
418 722
418 811
419 712
419 841
419 883
419 952
420 481
420 537
420 627
420 681
420 715
420 836
420 958
421 469
421 528
421 615
421 880
421 902
422 447
422 533
422 571
422 761
423 693
423 777
423 896
424 429
424 479
424 695
424 928
426 519
426 813
426 825
427 444
427 699
427 802
427 838
429 584
429 638
429 644
429 715
429 762
430 569
430 616
430 691
430 762
430 922
431 527
431 585
431 650
431 792
431 884
432 470
432 474
432 502
432 594
432 661
433 474
433 571
433 613
433 955
434 456
434 705
435 632
435 687
435 886
435 980
436 689
437 497
439 441
439 576
440 491
440 495
440 708
440 730
440 764
440 924
441 451
441 542
441 702
441 931
442 758
443 475
443 681
443 732
443 893
443 971
444 795
445 604
445 819
445 839
446 822
447 765
448 671
448 704
449 588
449 889
449 912
449 960
450 708
451 949
451 959
452 453
454 459
454 994
455 592
455 633
456 474
456 533
456 785
456 859
457 489
457 619
457 623
457 668
457 702
457 883
457 925
457 984
458 594
458 629
458 802
458 974
459 809
459 865
459 986
460 784
460 889
461 483
461 487
461 731
461 823
461 906
461 977
462 678
463 768
463 785
465 612
465 827
466 581
466 886
467 748
467 761
468 599
469 509
469 617
469 646
469 740
469 805
470 632
470 713
470 731
470 777
471 514
471 679
472 706
472 832
472 870
473 615
473 786
474 528
474 574
474 593
474 641
474 779
475 773
475 910
475 964
476 504
476 648
476 659
476 669
476 809
477 884
478 859
479 541
479 810
481 482
483 594
483 816
483 894
484 562
484 564
484 767
485 522
485 547
485 729
485 782
485 850
486 708
486 855
486 889
486 920
486 922
487 677
487 939
488 659
488 668
488 906
488 982
488 983
488 987
489 757
489 901
489 928
490 641
490 756
492 818
492 884
493 526
493 770
493 825
493 920
494 563
494 886
494 949
495 526
495 540
495 590
495 950
496 513
496 702
498 913
499 563
499 577
500 608
500 863
501 790
502 537
502 653
503 717
503 776
505 993
506 658
506 735
506 959
507 646
507 810
508 581
509 727
509 742
509 913
509 989
510 809
510 881
511 556
512 531
513 523
514 626
514 710
514 953
515 652
516 555
516 930
516 996
517 569
517 660
517 756
517 780
517 814
517 931
518 680
518 753
518 786
519 529
520 687
520 791
520 900
520 940
520 945
520 982
521 528
521 564
521 970
522 590
523 669
523 916
523 919
526 684
526 709
527 901
527 964
528 533
528 607
529 733
530 916
532 719
532 816
534 540
535 560
535 635
536 537
537 648
537 889
537 992
537 995
538 559
538 600
538 618
538 838
538 877
539 543
539 631
540 613
540 835
541 688
541 819
542 665
542 782
542 868
542 887
543 843
543 973
544 669
544 726
546 815
547 860
547 864
548 999
549 854
549 893
550 656
550 872
550 912
551 597
551 702
551 889
552 998
553 645
553 910
554 650
554 727
554 740
555 705
556 660
556 725
556 836
556 925
557 596
557 791
558 949
559 588
559 858
560 710
560 807
560 898
560 938
561 959
561 980
563 634
563 717
563 777
563 903
564 592
564 852
565 725
565 771
566 784
566 851
566 896
567 632
568 767
569 803
570 773
571 635
571 933
571 943
572 888
573 930
574 871
574 972
575 706
575 715
575 940
576 642
576 665
576 963
577 867
578 738
579 661
579 791
579 847
580 675
580 941
581 658
581 888
582 961
583 878
583 904
583 917
584 594
584 632
584 775
584 903
584 994
585 852
586 593
586 987
587 698
587 867
588 934
588 938
588 950
589 846
590 674
590 959
591 809
591 840
591 960
592 723
592 760
592 839
592 972
593 891
593 984
594 937
594 959
594 996
595 771
596 669
597 795
598 784
598 879
598 955
599 768
600 716
600 986
601 700
601 716
601 755
601 989
602 949
604 651
604 655
605 768
605 965
606 931
607 822
607 857
608 634
608 648
608 855
609 929
610 688
611 801
612 644
612 750
612 822
612 986
613 757
613 927
614 826
614 912
615 935
616 671
616 709
616 835
616 889
617 619
617 848
618 692
618 833
619 874
620 713
620 886
620 975
621 727
622 625
622 756
622 878
622 912
623 650
624 632
624 703
624 743
624 954
624 978
626 658
626 741
626 837
627 855
628 665
628 925
630 828
630 980
631 731
631 865
631 975
632 738
632 760
632 891
633 710
633 917
634 651
634 800
635 793
635 985
636 760
638 782
638 917
640 647
640 694
640 904
641 932
642 647
642 674
643 919
644 679
644 804
645 769
646 685
647 714
647 733
647 812
647 911
648 786
649 757
649 793
650 772
651 715
651 875
651 889
652 952
652 988
653 779
654 757
654 791
654 864
655 657
655 683
655 845
656 846
656 870
657 785
657 883
658 678
658 694
659 803
659 911
661 952
662 752
664 784
664 890
664 896
665 864
665 987
666 973
668 981
669 793
670 743
670 980
672 781
672 784
673 865
673 993
674 764
674 809
675 766
675 820
675 914
676 788
676 999
677 712
677 990
678 859
678 861
679 711
679 915
681 851
682 730
682 917
683 726
683 864
683 926
684 897
684 979
685 856
685 910
685 917
688 907
688 909
689 698
689 732
690 813
691 742
691 852
692 855
692 880
692 906
693 746
693 809
694 962
697 819
697 839
697 896
697 933
698 953
699 886
699 924
700 702
700 827
700 986
702 907
702 917
703 937
704 985
705 981
706 780
706 791
707 789
709 827
710 952
711 932
712 773
712 870
713 792
713 857
713 900
717 906
717 925
718 903
718 992
719 998
721 789
721 857
722 730
722 865
722 911
722 937
722 985
723 854
723 956
724 749
724 978
725 885
725 951
732 916
733 778
735 923
735 935
736 955
736 990
737 848
737 909
738 983
739 755
739 985
740 783
741 867
741 868
741 988
742 955
743 831
744 988
745 917
747 810
747 866
747 949
748 885
748 954
749 868
750 878
752 879
752 909
753 992
754 804
754 920
755 838
755 968
755 989
756 987
757 780
759 890
759 986
761 973
764 843
764 858
767 894
767 914
771 963
771 994
774 804
774 880
774 970
775 784
775 834
776 944
777 857
781 845
781 954
783 895
784 974
785 915
787 791
790 815
793 861
795 944
796 866
796 903
796 907
797 806
797 831
797 891
797 920
802 831
802 871
804 841
804 873
804 897
804 922
804 941
804 944
804 977
808 841
809 873
809 882
809 912
810 913
810 932
810 981
811 934
811 946
811 987
812 842
812 865
812 974
813 825
813 853
813 887
814 951
817 869
818 865
821 888
821 947
823 940
824 937
825 889
826 927
830 974
831 937
832 876
834 937
840 925
840 969
841 983
842 873
842 911
842 971
842 996
844 894
844 902
846 858
846 889
846 938
846 965
849 951
850 856
850 904
854 880
856 962
859 876
859 893
862 868
863 955
866 993
870 881
871 904
873 889
874 898
875 890
876 995
877 880
878 883
880 977
881 995
882 921
882 951
883 934
883 944
884 913
884 997
885 919
886 906
887 954
888 895
890 926
893 971
896 945
902 990
902 991
907 955
908 976
911 920
913 948
922 944
924 972
927 969
931 990
938 955
939 944
940 992
942 956
945 994
946 961
947 984
958 994
960 991
982 985